38 22 14 78 43 90 75 45 32 72 70 31 38 79 76 57 87 34 27 52 28 63 34 72 69 70 98 13 24 83 81 36 75 75 76 30 14 92 48 42 94 43 41 47 54 32 100 85 27 5 
56 1 90 64 27 72 40 12 79 89 83 99 90 1 73 78 40 93 85 70 98 31 32 26 28 14 80 58 8 39 41 12 100 23 49 93 10 99 58 84 21 97 80 10 47 14 51 38 61 27 
98 74 32 97 51 27 33 71 8 92 6 2 48 19 70 31 22 78 80 75 64 93 51 51 4 87 11 77 37 69 87 3 30 45 19 89 94 64 35 46 33 96 24 25 37 39 56 3 26 67 
79 68 34 46 52 30 97 13 30 19 100 87 84 53 23 62 53 46 6 78 4 13 2 60 41 8 41 81 72 44 76 14 30 75 94 49 85 23 73 50 63 42 61 16 80 91 42 29 43 9 
88 70 11 3 81 74 44 95 83 50 37 75 75 53 37 57 20 64 52 94 20 47 21 23 11 24 43 28 87 44 21 95 50 60 20 9 17 30 83 4 6 24 28 10 95 33 50 47 40 6 
38 57 47 36 97 10 78 59 91 95 59 64 28 50 37 21 84 32 44 21 20 22 47 14 3 24 42 32 38 35 99 11 53 10 5 70 36 48 75 22 74 74 37 43 15 57 9 68 72 64 
57 10 33 77 10 29 21 8 96 48 61 8 74 92 41 8 76 82 43 69 94 100 77 99 34 85 77 14 64 71 1 69 58 8 98 24 93 19 97 24 46 35 100 83 24 81 89 99 77 67 
35 24 32 31 43 55 65 48 18 37 29 49 58 25 31 9 57 54 57 78 72 23 39 23 68 49 61 33 1 73 60 66 69 61 36 84 95 84 46 61 89 65 35 77 64 4 59 69 6 17 
99 72 38 19 68 34 18 44 33 80 92 13 23 59 84 10 25 71 2 79 92 42 56 93 50 54 84 4 1 3 36 23 1 12 36 70 7 26 28 60 37 83 66 28 52 9 65 6 35 37 
54 68 51 42 40 25 28 96 55 86 32 37 98 76 16 30 57 90 81 16 17 96 9 1 32 62 37 40 52 42 49 4 90 91 99 66 94 95 89 12 56 54 86 60 37 67 93 69 45 79 
83 7 24 78 25 39 63 97 54 73 87 67 18 7 35 75 32 7 29 52 68 20 55 22 70 10 69 67 95 23 40 85 70 30 43 41 45 44 35 27 89 77 6 82 9 8 90 47 5 88 
62 88 67 97 99 20 26 44 22 69 79 83 10 72 98 22 24 72 18 25 67 52 30 86 41 12 86 27 92 39 16 95 30 43 97 81 22 14 72 99 69 78 31 22 45 11 10 80 87 30 
84 86 79 4 9 91 62 75 95 40 19 71 78 51 47 87 44 3 17 36 67 88 42 25 2 76 75 61 28 100 65 68 73 15 42 6 46 75 90 63 65 39 26 97 73 30 23 62 66 66 
84 17 86 63 62 49 26 81 90 8 53 66 56 31 12 41 28 52 25 73 46 2 35 59 32 49 40 65 31 33 55 78 71 77 13 74 42 50 51 68 54 49 71 72 20 46 91 13 81 96 
2 29 37 3 91 32 68 51 17 88 55 81 64 95 88 74 4 47 12 44 18 60 82 2 23 3 60 8 20 3 66 37 88 79 38 3 20 37 77 94 78 92 15 12 56 40 98 57 79 21 
49 24 52 12 9 66 65 10 47 34 46 88 82 85 8 44 90 58 56 13 1 6 38 8 96 87 34 22 88 86 98 8 51 5 12 86 68 16 20 6 28 93 57 25 51 42 73 96 6 35 
20 76 57 27 41 57 54 99 60 91 85 7 81 25 72 60 36 97 42 61 89 72 23 24 44 79 7 88 31 67 59 57 98 88 47 93 88 91 43 86 42 6 98 37 13 98 87 35 42 21 
4 60 10 24 98 12 19 17 78 11 33 43 81 74 71 42 78 84 21 83 29 81 72 94 45 23 34 7 95 15 91 89 60 19 25 47 44 56 19 65 17 71 80 52 49 15 42 99 51 52 
59 84 97 12 24 31 91 97 38 2 67 51 98 51 61 2 60 36 13 73 88 77 70 9 83 38 44 30 64 45 27 53 15 97 27 23 43 30 18 20 63 46 42 87 25 74 72 52 18 44 
90 93 9 11 94 29 60 75 38 41 31 67 5 91 74 57 25 43 61 29 93 80 82 67 7 93 23 59 89 11 65 61 18 68 94 46 16 71 84 39 95 47 75 17 19 86 97 53 62 22 
86 15 8 38 22 63 30 68 16 45 9 82 7 22 88 11 47 23 86 29 42 58 45 33 30 49 18 27 26 47 1 11 18 47 91 9 80 75 88 99 56 80 38 1 36 72 59 20 93 86 
55 16 98 5 14 87 33 36 10 60 50 36 22 21 1 25 14 73 96 63 4 5 23 54 43 17 11 53 71 62 88 58 79 60 77 91 17 26 11 91 17 28 21 4 55 76 75 12 58 56 
55 30 76 32 33 79 35 100 88 70 50 44 42 94 96 49 77 90 39 90 44 49 8 17 7 10 39 71 27 82 43 19 62 42 70 32 23 52 12 27 49 98 65 62 32 96 26 88 90 3 
39 3 77 18 81 42 100 45 36 80 86 24 55 60 18 14 73 47 22 62 25 81 78 54 9 7 27 23 34 26 46 38 98 88 40 98 16 74 44 97 27 14 16 99 45 57 90 86 51 17 
35 8 17 95 100 22 1 43 27 51 79 36 7 75 9 19 66 25 74 25 85 17 44 96 54 42 66 95 61 5 89 79 7 52 76 60 54 45 50 98 69 46 89 28 76 56 92 75 24 77 
10 54 85 37 19 77 4 94 32 39 25 2 38 52 88 18 95 54 67 58 20 63 15 91 39 32 88 76 63 91 22 35 87 24 45 96 57 30 29 67 73 23 63 10 42 89 55 93 38 98 
45 9 84 38 53 86 14 87 42 91 8 86 34 19 95 18 95 50 59 16 38 30 98 79 31 44 87 19 98 81 48 95 4 69 11 44 33 19 13 70 91 61 75 22 98 99 17 36 9 98 
100 18 66 53 52 16 84 86 97 25 18 38 9 98 75 39 47 58 50 5 77 92 21 23 11 43 66 23 48 79 79 27 62 79 14 73 64 37 58 73 20 94 32 37 74 2 58 16 97 53 
27 97 9 71 99 5 8 84 38 78 48 9 21 8 50 26 5 73 94 95 40 27 5 37 54 13 78 44 46 62 81 36 13 53 20 87 66 3 64 78 5 4 52 7 9 40 19 43 37 97 
7 16 87 28 30 88 93 66 54 38 28 38 96 21 27 62 64 4 47 67 96 84 18 88 56 60 79 5 13 92 45 55 68 99 29 40 19 20 8 97 46 36 1 81 69 98 35 84 68 74 
53 98 2 27 68 94 9 100 47 73 39 41 48 12 30 37 24 62 91 83 21 69 10 29 41 13 66 61 50 66 9 22 33 26 85 49 46 70 83 14 12 83 68 31 40 100 12 58 96 58 
49 93 89 83 27 49 28 79 82 46 70 77 84 21 99 92 6 65 81 98 55 63 73 57 27 31 81 69 98 2 58 46 86 1 50 18 42 28 7 77 15 42 91 54 45 1 88 4 14 96 
93 86 34 81 7 11 63 3 74 40 72 18 13 68 13 12 46 97 66 43 100 68 20 65 29 87 96 65 69 69 51 72 1 79 5 92 2 78 91 60 50 22 85 17 1 77 98 11 18 7 
80 33 4 19 15 11 10 65 55 72 35 87 9 60 61 76 32 79 98 43 19 41 77 18 31 83 27 10 99 40 96 93 64 77 69 25 19 10 1 52 64 46 77 46 4 72 54 49 70 10 
27 95 97 81 61 10 91 91 57 56 28 3 18 11 52 66 15 72 55 68 44 51 41 64 65 9 61 89 90 84 32 68 97 11 32 11 69 44 99 54 64 90 51 95 28 54 15 15 79 80 
49 27 7 59 78 40 67 23 31 63 35 67 31 39 57 59 4 49 71 69 10 31 8 15 16 30 93 63 13 60 50 14 48 3 4 49 62 82 55 37 62 38 76 56 69 98 57 36 34 89 
93 65 80 38 44 55 58 62 3 58 24 90 17 63 12 99 97 15 87 91 31 89 57 80 67 27 47 51 99 81 41 78 85 33 5 53 83 77 68 85 27 46 50 28 15 76 41 9 44 100 
67 3 33 95 80 51 25 14 83 46 55 94 90 83 55 99 18 59 27 43 71 68 53 86 5 69 39 74 12 32 33 100 80 61 41 89 35 38 22 32 20 91 15 96 14 56 12 22 45 89 
52 28 92 3 2 4 49 4 61 64 66 73 31 64 42 99 88 9 10 87 80 67 31 54 1 16 5 11 80 26 17 88 51 67 50 63 23 100 47 87 54 24 43 51 45 47 68 39 72 76 
24 91 46 40 64 76 13 75 4 9 3 86 96 75 96 37 81 41 63 28 72 71 69 7 93 68 42 10 71 66 42 99 39 12 89 73 72 27 47 23 1 25 16 4 96 96 20 13 18 74 
34 30 77 48 6 59 9 66 71 95 11 38 51 93 61 96 6 96 44 36 13 69 82 67 57 98 89 93 61 4 3 43 63 41 23 83 43 56 67 92 52 94 68 27 5 13 68 51 69 4 
33 67 47 54 82 77 22 86 47 38 55 88 81 80 92 35 16 36 90 92 26 13 29 54 31 18 60 22 41 5 99 61 86 27 60 88 20 53 73 98 10 65 51 70 94 46 86 3 84 72 
4 64 23 79 54 17 30 15 85 2 83 99 11 27 97 72 85 33 10 78 11 89 58 65 15 79 79 48 9 39 26 90 7 37 83 27 30 72 49 41 11 11 81 96 41 31 6 2 2 17 
30 73 39 45 19 28 12 73 22 15 11 44 33 5 67 41 51 76 65 3 33 70 59 52 21 100 77 15 9 54 58 45 49 41 17 53 1 18 51 52 92 96 45 3 32 3 1 87 77 14 
93 89 19 43 83 14 63 3 71 10 22 52 59 29 59 65 15 54 89 49 72 36 93 60 10 37 87 28 26 56 43 31 8 32 49 17 18 40 60 50 89 86 50 64 20 87 90 80 94 19 
35 75 61 60 35 83 73 64 53 49 15 39 94 33 35 13 5 14 53 35 76 91 38 47 83 50 74 51 36 82 37 39 79 69 52 70 45 91 87 62 76 81 47 77 86 79 8 20 30 7 
97 78 3 91 57 36 3 60 13 34 57 53 61 33 27 67 46 68 24 25 25 60 16 38 73 54 23 80 81 8 14 81 87 55 43 24 24 75 43 100 17 64 55 72 21 80 48 44 79 6 
66 43 61 86 64 57 4 71 68 14 81 63 47 51 34 26 96 47 16 80 10 71 49 54 61 62 59 86 32 41 17 46 100 17 15 49 90 86 18 72 64 34 87 3 93 22 91 57 27 69 
36 25 33 30 14 13 60 57 40 11 9 19 70 14 35 53 41 67 30 55 20 11 46 8 79 94 49 61 7 12 63 15 71 21 52 58 100 14 72 66 74 1 25 90 55 70 23 63 5 16 
77 77 25 55 48 55 32 88 76 97 79 70 69 57 13 22 8 100 30 37 13 4 26 14 36 99 45 48 42 66 96 60 85 70 75 19 17 48 94 100 53 36 69 52 73 28 74 16 46 32 
