77 46 40 99 49 24 61 67 53 46 80 53 7 74 75 32 37 5 47 41 95 28 97 10 82 83 83 5 89 6 28 70 15 22 96 57 23 21 8 11 51 35 33 22 7 60 30 17 59 16 44 80 83 76 82 93 27 41 44 98 62 48 41 78 48 65 44 68 36 43 82 29 78 96 72 16 72 52 65 44 51 3 98 23 81 64 70 15 36 26 15 2 78 25 74 7 58 60 80 16 
17 4 63 65 12 19 9 39 22 47 11 35 81 43 30 79 59 83 96 48 7 29 76 58 7 10 91 22 88 100 39 39 13 14 24 71 37 23 24 36 5 89 35 80 32 76 6 22 70 6 12 24 49 72 56 96 43 49 9 65 94 43 42 21 81 10 62 63 95 16 12 96 94 79 37 72 76 19 45 38 43 69 51 58 63 6 49 32 40 59 46 21 59 4 90 23 8 87 96 12 
45 83 30 72 4 18 42 78 53 30 35 83 16 5 97 36 29 74 7 17 96 7 74 93 5 28 7 21 94 70 42 4 92 60 86 23 65 76 28 32 43 72 59 93 7 82 36 10 10 97 80 64 34 27 9 72 11 55 17 84 10 8 18 19 30 40 50 38 55 11 51 93 40 26 43 7 31 69 4 75 24 34 86 99 18 90 71 3 14 87 26 60 64 6 63 18 86 38 47 98 
87 49 95 78 87 51 61 21 88 34 52 65 62 59 37 89 13 94 93 2 8 90 13 11 6 82 10 13 27 84 3 39 44 41 30 83 60 87 1 33 45 42 60 40 25 64 41 75 38 100 55 100 23 23 31 95 76 85 43 99 92 28 13 69 20 45 82 80 73 86 56 84 29 91 62 83 100 83 5 13 23 9 30 24 75 63 35 63 21 6 32 19 8 38 24 77 34 46 65 61 
55 71 86 60 27 20 22 12 35 48 90 74 69 45 100 82 10 48 5 3 58 92 60 70 35 96 3 35 81 36 18 64 9 23 95 23 56 26 21 93 55 24 56 77 45 12 45 48 35 83 17 33 13 94 98 54 27 30 14 26 50 80 12 18 65 44 40 45 25 15 54 62 96 46 54 44 39 1 43 14 90 76 5 50 68 86 17 78 19 48 19 40 84 85 28 80 16 81 78 74 
7 45 66 33 21 98 73 16 33 20 66 16 15 77 49 32 39 35 2 28 23 47 14 55 23 42 20 99 18 1 77 46 88 6 27 85 30 17 74 61 27 50 48 67 9 62 52 78 34 71 4 47 25 86 83 90 72 35 65 93 91 64 27 19 1 29 78 69 40 11 43 91 78 94 100 33 1 83 97 65 77 53 78 76 13 39 56 4 99 82 43 48 78 3 89 81 50 89 81 12 
21 21 93 58 29 5 1 41 74 31 82 67 21 29 90 57 72 56 64 88 58 41 50 93 88 49 26 5 64 6 4 9 95 54 44 1 57 60 79 33 53 59 85 55 20 75 78 22 65 17 12 42 20 50 52 20 35 9 46 32 38 37 3 31 43 9 82 66 38 95 12 55 18 50 18 17 42 54 33 34 22 89 49 62 11 44 93 9 32 65 60 13 58 92 50 18 58 19 70 96 
82 45 3 24 69 12 1 76 53 29 58 64 43 31 42 58 98 93 3 45 23 28 96 8 38 87 47 2 3 27 38 45 100 33 5 73 24 2 7 43 69 79 40 32 34 42 78 58 67 83 72 36 53 26 6 41 14 80 93 34 8 5 43 62 36 63 64 7 15 98 12 73 1 31 16 51 57 70 46 35 68 84 52 85 56 79 83 39 81 9 62 48 17 51 97 16 82 63 95 95 
98 68 54 19 7 74 19 58 14 67 11 58 84 94 1 1 5 60 99 76 80 40 72 14 72 40 81 31 9 56 71 59 92 35 79 35 32 3 94 48 47 32 33 42 70 8 85 31 24 70 35 85 91 44 41 17 6 18 95 35 70 46 100 29 60 2 53 59 41 69 55 51 97 82 77 88 98 15 20 5 12 38 73 10 86 83 96 44 46 4 85 28 7 62 20 69 79 21 37 87 
41 5 78 3 2 63 42 90 76 69 3 69 73 5 56 15 74 28 66 16 62 61 94 67 89 23 93 24 14 35 73 57 2 33 51 19 59 52 51 100 50 55 80 69 96 18 86 49 28 94 73 74 24 4 83 75 82 74 80 3 9 85 58 35 23 26 47 45 59 23 81 92 23 22 58 42 76 23 62 1 93 62 23 11 66 62 65 11 60 81 30 9 38 2 4 60 13 65 39 84 
32 87 51 50 68 97 80 41 47 40 95 67 91 79 98 85 58 60 99 88 26 86 18 27 92 74 93 21 32 13 67 65 95 29 5 33 52 6 72 39 85 9 69 88 99 7 40 81 41 91 99 55 46 50 47 33 73 57 30 67 77 25 50 74 8 100 14 82 69 32 98 41 98 48 82 57 21 30 85 91 67 47 14 23 35 67 96 38 51 18 77 87 4 72 96 39 73 79 76 63 
29 59 90 85 26 62 82 32 20 17 72 86 18 97 62 60 30 93 48 59 59 71 83 22 89 97 19 12 10 21 99 74 95 34 80 19 50 96 16 98 32 64 56 64 63 18 96 5 13 25 60 65 52 30 5 8 89 57 68 89 11 35 48 74 11 70 95 96 22 98 67 93 79 2 38 37 8 33 16 46 87 20 2 89 84 96 4 79 69 40 43 47 73 20 44 80 61 37 28 89 
21 89 45 68 88 57 34 75 88 19 88 97 40 59 99 85 12 63 89 79 54 44 92 29 46 19 30 98 54 72 80 20 29 8 84 39 74 92 86 2 53 85 21 25 66 78 93 85 58 46 7 42 19 78 31 23 71 24 77 23 28 29 77 51 64 9 34 64 34 16 71 76 21 86 57 18 53 15 79 42 37 3 74 63 9 67 68 3 40 32 15 97 29 39 14 8 54 75 33 61 
50 22 43 19 80 100 52 33 76 100 42 96 50 71 50 28 90 46 75 11 3 31 48 51 47 86 35 92 8 84 49 77 27 2 74 49 32 90 23 38 40 70 61 64 49 89 85 24 7 21 85 83 5 30 12 71 30 52 100 90 45 56 95 43 99 57 59 31 94 26 75 42 80 48 20 81 75 22 69 18 10 7 16 50 84 30 24 94 4 80 81 87 21 76 60 62 35 89 2 10 
33 53 53 7 92 52 44 78 59 28 99 89 72 4 79 73 5 77 91 56 75 33 78 2 37 60 64 76 75 45 38 42 99 3 64 36 7 1 81 51 83 89 59 60 65 4 29 49 51 14 8 4 46 87 35 24 48 74 51 96 93 90 30 22 39 47 20 54 9 59 29 60 20 72 41 4 21 38 3 72 22 77 62 19 38 94 27 76 38 52 99 18 69 87 89 17 89 42 45 97 
5 96 22 60 35 65 89 93 77 64 30 16 99 18 15 16 53 2 87 42 53 37 21 22 8 23 55 88 1 24 25 89 98 74 21 8 100 40 57 42 89 89 25 1 47 88 76 74 95 24 13 27 7 15 78 75 39 34 25 92 23 1 2 40 35 36 40 95 10 92 1 79 54 53 84 27 56 28 14 53 54 65 70 39 4 19 27 98 81 7 89 10 7 52 13 60 32 89 21 26 
41 49 21 42 2 14 3 74 22 3 64 17 41 93 40 5 30 77 38 71 98 91 14 64 29 83 57 27 25 78 100 78 10 34 23 65 86 51 87 57 86 6 44 66 70 65 21 4 76 60 29 4 38 87 44 100 18 2 59 25 5 74 78 59 2 13 2 44 56 34 57 32 1 58 36 23 71 72 22 94 95 32 1 58 72 69 14 4 8 34 11 54 81 38 24 54 8 38 61 79 
96 13 86 53 48 24 72 69 66 5 29 73 83 88 59 55 35 71 78 87 27 50 1 83 39 36 20 47 56 94 83 88 88 80 65 17 42 85 24 26 38 22 56 62 41 9 85 49 100 26 6 91 56 80 1 65 28 17 77 83 31 82 51 83 96 3 88 86 56 72 60 59 21 66 61 47 23 11 1 23 99 99 23 7 25 83 47 70 93 18 25 77 27 82 6 23 69 25 93 89 
33 72 72 22 68 86 22 10 14 56 96 70 79 57 76 14 23 23 89 84 52 72 11 12 14 10 23 54 16 40 71 82 37 39 68 4 22 71 39 32 11 27 53 24 2 36 58 2 10 7 2 81 3 57 42 25 72 95 26 76 14 17 8 7 98 1 54 11 33 6 67 100 19 24 14 75 63 84 95 60 55 14 62 52 15 63 4 76 41 65 60 62 92 16 81 24 13 90 53 74 
38 50 83 1 50 25 68 13 85 26 93 44 57 87 88 99 95 46 57 37 9 79 80 22 53 70 23 48 54 62 83 22 11 77 41 38 7 54 2 37 5 15 5 63 98 56 88 69 31 2 71 22 35 13 14 78 51 56 58 51 91 80 37 42 76 30 63 3 96 45 29 45 47 41 9 35 2 60 39 98 15 20 96 36 48 25 64 55 28 43 95 24 92 74 15 36 95 31 5 26 
55 68 64 45 91 45 100 29 33 95 32 95 24 53 17 42 51 45 94 50 74 4 20 89 56 41 19 58 91 77 26 20 91 15 16 17 68 75 64 39 95 66 52 37 35 40 52 35 45 96 18 63 69 56 32 22 70 54 55 45 58 14 53 33 81 52 55 50 5 26 98 48 77 32 53 49 22 6 30 11 97 17 72 2 32 4 48 14 71 51 72 17 31 3 35 75 11 61 84 27 
10 19 81 73 32 65 84 92 31 79 39 96 35 46 56 40 77 26 7 82 45 69 21 67 65 43 81 68 95 20 78 19 73 66 51 79 15 6 72 22 69 22 89 33 87 69 84 74 32 3 36 68 38 82 63 17 25 29 72 76 62 8 72 33 12 29 15 75 22 63 18 19 64 38 40 4 64 57 12 67 17 1 64 40 100 64 15 100 5 20 80 68 58 38 39 81 93 47 29 88 
55 21 54 38 79 25 88 32 28 74 97 61 22 51 74 18 77 83 93 80 96 38 55 94 44 77 73 20 100 20 15 50 57 42 89 40 29 88 88 25 90 86 87 76 71 92 36 79 31 35 62 83 15 23 24 8 5 63 31 52 72 18 4 69 23 39 35 66 17 99 87 79 74 82 72 14 65 97 32 45 82 44 5 45 67 96 27 65 60 5 82 73 18 39 34 62 50 59 49 23 
19 70 74 54 31 25 44 83 59 78 36 32 35 15 46 46 79 59 63 73 38 67 18 46 59 18 14 21 92 44 72 65 29 42 14 1 48 4 42 24 34 60 50 51 65 77 11 11 19 76 37 76 10 45 89 31 8 9 44 88 86 63 48 60 24 48 14 89 64 75 70 71 63 95 54 64 64 56 14 62 51 46 75 25 89 82 85 4 28 44 46 73 64 3 41 36 42 52 38 2 
18 28 56 28 33 77 34 47 45 13 56 31 80 81 41 19 34 18 24 97 30 84 41 35 7 34 96 84 47 32 13 39 50 91 89 90 53 30 71 20 99 70 64 2 79 33 65 31 80 100 5 45 8 99 72 38 15 72 32 49 38 26 86 21 95 54 43 49 12 29 39 47 87 30 78 96 99 53 91 10 57 55 7 32 78 58 91 87 61 79 36 14 17 34 52 72 24 79 66 67 
65 52 93 15 1 12 54 80 79 93 71 62 74 62 15 13 38 38 68 30 45 33 66 37 56 69 19 32 33 72 58 16 28 9 39 30 34 76 87 6 59 79 86 59 34 78 47 27 90 81 43 14 94 89 64 70 14 8 32 74 63 94 24 31 67 100 34 82 59 60 20 3 87 79 49 72 95 22 32 60 39 43 63 35 94 37 82 1 60 30 52 77 34 64 82 32 99 52 33 58 
96 68 74 41 74 8 38 35 61 99 62 21 83 79 54 45 78 9 35 67 51 98 72 65 3 28 22 22 15 98 62 29 96 17 98 74 17 69 95 57 69 51 53 11 41 55 16 39 94 20 83 39 77 3 79 63 4 73 67 60 45 25 77 10 63 24 23 29 21 63 2 7 8 39 68 49 6 45 20 4 34 13 18 6 30 86 72 38 98 85 54 37 19 70 45 90 12 18 33 9 
36 50 32 88 67 26 61 81 69 2 93 80 53 29 5 79 73 81 44 56 99 10 89 84 98 42 77 26 98 47 70 72 82 14 72 83 57 84 60 10 38 93 57 81 56 39 32 91 63 10 94 63 79 32 74 20 93 82 25 86 69 95 100 99 43 1 34 34 46 92 66 7 6 77 21 3 26 12 79 8 35 97 92 44 12 17 38 99 11 60 18 6 32 18 75 76 37 5 81 13 
43 45 97 96 90 44 85 83 63 9 79 74 53 14 17 49 26 56 35 86 67 81 37 91 13 77 85 72 15 56 73 56 92 55 16 40 64 31 3 79 72 93 96 37 10 53 30 89 81 25 77 90 8 88 73 80 85 3 99 29 55 88 62 87 6 44 20 97 18 9 76 65 4 19 1 98 76 95 24 75 55 46 86 55 70 99 70 39 5 74 28 79 72 1 97 78 25 27 80 77 
5 28 80 44 45 3 33 85 82 90 6 60 56 57 80 68 38 23 98 99 52 14 43 30 13 60 75 58 44 16 86 15 24 8 72 65 91 88 78 34 2 24 21 73 70 46 23 35 84 20 17 18 36 86 19 29 87 38 53 25 99 6 10 93 32 96 31 6 98 2 14 84 56 75 63 49 12 93 15 3 22 19 26 94 56 73 20 44 37 55 20 100 7 44 59 85 70 9 29 71 
91 99 73 86 56 70 31 46 87 15 37 92 66 27 42 9 15 57 64 46 96 45 12 72 5 4 27 85 34 12 25 100 7 45 84 94 25 80 76 69 33 89 27 61 61 94 72 29 84 58 7 59 63 50 10 100 57 81 100 66 28 27 59 80 6 94 29 38 12 60 77 6 86 30 95 22 42 71 77 67 31 32 14 35 46 20 17 43 100 57 48 8 48 58 58 39 70 75 14 95 
89 68 72 62 56 32 70 64 75 27 8 23 85 63 17 78 88 66 76 85 78 63 31 63 23 99 71 73 17 86 19 62 47 75 34 55 13 45 55 82 59 73 39 8 51 5 83 3 32 66 70 65 6 30 64 37 61 86 31 45 13 71 96 51 82 90 42 55 7 14 48 15 42 21 7 18 6 15 28 89 35 53 64 75 3 68 42 39 53 93 4 41 40 86 45 53 58 21 75 83 
38 72 72 2 27 84 97 37 97 50 2 25 68 17 56 75 99 75 33 36 7 47 22 53 90 32 43 10 52 11 25 6 40 82 78 41 28 58 5 97 74 82 19 87 46 49 66 16 94 31 8 37 50 13 86 23 49 69 76 32 74 94 55 66 64 21 46 99 15 12 51 50 88 50 42 44 60 84 47 26 2 35 38 90 29 35 67 54 55 58 38 92 58 95 11 28 28 17 43 25 
72 21 54 13 99 73 2 93 79 58 33 100 31 34 64 48 32 4 44 59 96 55 82 10 43 71 59 25 4 37 38 39 89 72 16 39 39 98 15 31 54 68 69 67 10 34 43 16 56 75 71 58 46 22 83 47 86 67 33 81 64 82 76 44 69 89 89 26 63 8 76 73 64 93 81 39 5 99 38 9 28 63 58 63 39 99 9 68 91 53 54 14 88 78 63 20 80 3 84 97 
47 5 9 19 66 95 32 94 37 60 56 16 57 6 99 18 93 15 96 6 89 12 83 79 44 17 59 85 47 24 95 79 46 90 35 83 72 78 55 7 53 65 44 7 26 100 4 49 21 19 96 47 8 88 56 70 62 66 24 73 50 14 10 99 13 67 58 67 83 8 62 44 46 50 58 63 62 21 5 56 36 7 39 84 30 45 67 56 27 66 44 87 80 62 99 49 83 64 58 100 
47 92 38 23 89 93 27 6 7 55 53 10 45 20 38 55 89 71 6 57 50 65 42 21 79 51 77 7 74 100 32 78 13 98 97 68 98 98 15 32 92 82 85 49 70 36 53 24 18 96 71 47 67 42 47 74 40 49 17 53 49 51 73 59 26 63 73 67 68 86 14 50 82 84 32 69 53 89 1 75 49 18 6 52 30 4 23 48 69 42 44 24 90 97 34 45 19 34 47 59 
9 63 72 56 69 28 45 83 98 71 62 98 17 59 60 73 31 95 23 29 53 32 9 32 39 21 4 30 100 13 99 52 36 35 10 69 98 88 48 4 52 24 50 37 35 48 70 66 28 73 76 88 6 47 98 26 84 57 99 19 30 71 3 76 39 76 48 48 57 11 94 70 61 27 39 34 3 49 48 31 24 95 48 34 64 81 18 28 52 92 44 74 45 88 4 8 52 78 47 47 
10 37 81 75 16 83 4 77 1 84 96 83 74 34 30 48 85 39 5 43 40 69 76 76 52 23 88 25 35 44 60 37 72 18 20 19 42 80 93 60 79 83 94 57 52 56 67 96 41 26 32 42 79 95 61 72 90 99 97 23 95 42 86 2 4 78 37 12 84 22 63 30 97 53 89 20 92 29 39 72 9 31 14 82 16 33 90 48 66 71 31 28 75 7 98 66 62 76 61 81 
74 79 59 60 77 24 43 90 53 4 40 31 94 40 83 76 46 63 29 41 39 68 76 1 38 79 59 85 73 85 79 1 70 61 67 17 44 4 75 75 93 31 67 90 83 95 10 65 35 68 65 100 90 44 13 25 67 57 56 77 93 69 77 60 44 20 62 38 44 68 57 10 69 38 49 100 25 24 89 93 5 37 100 25 95 75 67 64 44 40 17 92 50 18 31 47 8 19 64 52 
46 11 62 38 43 78 97 11 16 91 26 40 20 82 73 47 81 73 25 59 93 3 12 86 3 87 46 85 99 49 3 91 10 23 14 86 65 9 6 62 58 67 36 1 56 36 72 63 74 51 22 35 63 35 92 69 31 57 65 30 16 41 60 36 41 7 98 39 5 41 77 86 8 80 5 49 4 4 82 73 19 76 3 36 98 71 41 5 77 24 53 86 23 80 38 10 42 24 89 83 
50 1 60 94 12 81 45 33 33 28 29 18 19 87 17 77 93 63 25 40 54 83 96 94 2 17 96 68 2 52 71 39 59 38 72 37 87 66 54 65 26 86 19 65 92 90 41 68 12 39 33 71 60 23 12 47 64 7 100 53 71 19 30 60 92 77 81 63 53 71 59 12 64 75 29 81 58 1 1 50 61 98 16 50 24 65 52 21 80 60 59 15 16 74 18 70 25 57 33 47 
68 57 69 70 18 53 42 99 31 1 58 75 54 31 79 24 83 73 69 81 37 15 59 7 64 91 5 75 60 36 89 99 21 35 42 43 16 17 63 48 83 72 63 97 88 27 46 30 12 19 92 14 89 21 4 23 13 18 65 45 87 61 52 67 79 62 86 84 33 50 9 84 18 3 92 23 32 65 2 49 76 93 40 31 34 14 1 63 2 53 78 78 11 16 95 68 72 91 7 36 
43 74 9 42 1 55 18 28 52 70 53 80 23 18 35 30 70 35 73 73 29 64 75 24 37 78 22 21 89 30 84 91 73 78 47 23 52 95 40 78 27 31 25 92 98 10 20 15 21 29 68 58 88 3 96 63 32 39 23 11 79 48 13 31 19 34 26 86 96 22 39 48 54 23 2 38 42 14 93 53 34 55 54 90 83 85 1 86 5 70 100 66 72 55 72 41 49 27 41 63 
16 92 32 6 78 18 85 39 51 79 10 16 89 19 10 97 97 80 70 37 69 48 20 74 89 41 61 77 48 7 64 27 17 33 4 5 100 68 69 73 57 30 7 73 93 83 36 49 84 38 46 77 98 50 33 75 10 98 95 43 63 29 64 94 25 63 100 100 11 75 32 20 83 89 90 82 53 89 78 14 71 65 9 38 33 8 95 1 39 42 96 6 9 51 80 11 70 37 43 55 
70 56 50 79 49 89 47 12 82 88 14 11 34 71 27 12 67 76 72 42 26 74 22 39 98 79 96 1 56 89 6 81 7 41 33 39 67 58 12 71 12 92 55 87 12 67 32 86 8 46 32 56 89 53 90 100 14 18 27 24 59 38 79 58 43 54 64 25 51 40 94 2 3 34 52 87 76 44 81 21 56 55 1 41 68 55 25 95 49 24 30 77 41 50 17 19 98 2 7 57 
80 86 22 84 59 83 89 9 46 93 84 10 53 35 64 74 93 18 15 42 35 3 17 60 1 98 20 74 91 31 96 45 86 30 79 22 39 85 87 26 53 61 29 21 61 36 89 57 95 1 60 100 2 72 11 74 67 13 58 96 4 74 98 30 8 74 58 49 23 70 1 88 84 24 22 96 75 9 100 81 86 79 54 30 44 64 20 70 61 46 59 82 78 11 18 7 54 77 57 19 
50 28 100 94 55 83 91 88 41 97 46 65 8 52 30 28 8 7 92 20 70 67 5 17 4 77 94 18 35 91 89 20 84 54 49 22 57 1 44 2 93 86 76 47 11 47 14 78 41 100 89 59 14 56 78 27 8 27 60 25 80 48 83 79 50 73 31 38 81 93 34 36 42 38 64 99 95 36 64 22 88 38 9 74 73 67 100 90 27 56 3 67 2 90 22 25 49 37 6 59 
9 58 10 41 83 59 66 48 40 93 80 38 4 54 96 67 39 27 53 25 27 11 91 56 66 90 79 39 48 34 21 3 20 63 55 76 94 36 82 100 14 61 23 25 11 74 45 47 50 45 11 92 96 70 31 28 99 28 28 24 26 43 24 39 27 42 77 79 64 1 83 73 36 66 74 20 87 2 1 2 27 64 8 55 64 74 79 49 60 55 69 35 63 8 96 72 37 52 53 20 
37 49 82 84 53 54 86 56 34 79 61 3 64 25 11 55 34 41 6 8 76 10 24 66 12 26 85 94 10 58 2 39 12 77 36 92 81 64 11 18 55 41 55 54 37 72 8 98 6 77 41 23 13 96 18 49 81 45 95 14 65 78 39 80 63 38 79 82 24 95 14 21 22 26 100 65 6 41 63 49 48 20 43 42 54 70 37 30 72 36 86 11 98 37 25 42 26 59 39 60 
69 96 74 29 93 77 12 49 60 54 62 45 88 69 71 5 65 96 36 7 20 22 89 90 19 30 10 19 10 27 5 45 99 4 84 33 41 33 67 39 43 79 21 65 69 86 13 19 94 64 39 32 89 65 16 8 33 28 86 68 32 33 32 62 93 47 56 80 31 20 90 17 15 24 87 14 66 11 96 70 79 90 91 72 34 64 51 42 98 62 24 31 2 43 16 5 21 85 83 92 
78 69 85 81 21 59 54 33 55 34 10 88 94 84 56 40 55 36 36 24 51 12 70 42 89 100 91 47 54 4 71 64 35 42 86 10 50 23 70 97 25 98 21 98 66 63 53 50 57 73 3 96 37 59 1 57 75 57 39 100 95 51 15 72 76 92 73 30 54 58 63 98 40 19 10 2 25 2 68 25 74 27 57 61 1 66 78 82 42 78 29 96 74 38 8 9 47 61 62 55 
98 18 87 43 53 6 14 93 14 18 38 97 8 59 83 3 76 28 58 78 86 61 31 11 62 52 72 58 37 42 80 92 31 41 69 9 81 62 28 54 18 10 40 23 89 3 62 28 54 89 41 80 74 89 47 85 65 9 59 75 18 3 93 63 94 37 64 55 85 69 21 10 92 19 33 58 13 52 41 1 43 15 36 92 30 97 5 64 1 5 65 60 42 29 38 42 53 20 63 63 
92 21 70 98 91 81 81 7 9 34 40 45 97 61 2 6 38 33 70 96 52 55 64 36 31 18 18 14 84 44 7 51 55 84 41 60 56 54 36 46 79 18 13 47 21 35 9 27 39 6 87 31 80 72 93 100 82 77 2 49 29 83 75 3 55 18 64 11 75 35 95 23 50 61 57 89 39 37 88 64 53 71 33 51 98 50 33 89 76 53 96 17 10 96 59 86 39 20 31 46 
5 79 32 46 19 100 66 52 98 62 30 61 44 95 86 8 3 11 33 87 54 96 7 76 74 80 22 57 94 80 76 83 22 17 4 48 18 25 22 73 77 49 100 69 59 68 31 43 67 89 71 33 9 3 82 69 82 47 63 16 56 78 58 34 81 70 100 69 84 81 88 52 52 52 32 75 44 74 12 78 10 53 72 94 37 2 63 93 96 94 84 49 7 50 96 98 31 43 53 82 
78 86 65 87 69 36 67 65 75 92 8 55 82 2 81 62 27 78 38 95 84 98 22 82 75 51 78 37 35 8 51 38 23 4 48 83 6 45 53 73 11 10 26 43 9 15 15 87 76 100 39 67 63 1 58 83 80 100 28 72 39 23 60 16 65 43 44 44 100 87 28 58 94 96 2 56 53 53 89 9 59 75 67 2 50 30 47 57 17 80 76 29 38 2 90 93 57 33 52 37 
32 52 61 74 35 70 81 27 30 81 59 3 34 73 94 1 11 63 73 53 26 55 56 62 16 18 97 7 64 47 98 50 12 97 28 80 81 77 86 7 37 56 53 39 7 5 73 4 82 48 83 33 87 96 86 13 33 90 4 11 24 55 12 54 35 79 63 88 1 66 1 94 56 44 99 91 53 19 93 100 75 63 48 46 78 37 83 69 99 66 26 89 47 38 70 52 8 97 32 86 
54 89 88 63 87 79 72 88 56 87 93 54 96 2 4 33 14 58 99 44 40 8 8 6 56 86 82 47 8 64 7 90 61 26 54 24 31 35 92 93 28 74 98 82 84 22 28 32 76 28 18 14 53 42 98 4 49 94 100 86 82 80 15 43 53 17 41 37 34 58 90 62 82 29 33 22 38 65 93 5 81 51 25 1 90 49 12 31 9 47 82 52 39 74 13 79 31 50 5 73 
68 39 65 98 38 97 96 75 25 99 14 6 48 45 64 100 3 74 94 80 75 34 58 53 2 95 90 66 68 33 58 30 3 14 71 78 37 50 35 62 99 15 93 22 39 36 68 12 18 96 24 27 9 8 17 26 26 62 96 27 27 27 91 7 63 14 52 26 90 46 88 51 76 10 89 65 10 10 90 46 21 29 5 68 78 82 2 44 41 82 51 97 41 4 17 80 99 53 93 57 
70 53 66 79 30 75 88 14 47 5 31 12 24 42 18 50 46 1 67 47 22 93 21 85 60 86 55 28 81 94 44 35 75 31 33 94 71 95 53 88 17 50 4 76 62 51 89 58 40 95 86 81 35 30 58 29 16 23 60 77 3 84 2 67 18 59 77 94 93 76 30 65 64 90 17 22 3 56 77 74 42 74 43 75 44 4 8 19 8 55 78 86 95 66 48 61 17 67 86 18 
33 69 59 23 92 12 62 18 66 61 35 59 96 74 94 30 48 88 77 1 22 99 56 29 52 69 85 83 27 20 9 57 74 99 46 73 28 5 88 76 24 41 56 90 89 40 14 50 40 64 14 95 6 74 9 69 71 80 5 48 98 9 19 92 52 65 87 96 68 43 75 33 53 11 51 99 23 86 76 72 43 8 30 73 75 66 53 71 55 7 63 96 24 74 14 56 78 68 93 63 
6 89 72 10 86 38 48 28 28 85 70 50 41 55 15 62 23 82 48 15 41 52 56 64 6 64 85 11 1 42 85 81 81 4 74 76 4 87 71 8 24 17 41 44 75 46 100 7 16 76 37 96 59 7 91 92 97 81 95 57 96 79 92 10 14 1 40 97 73 59 30 34 12 13 28 39 59 1 20 95 8 11 40 1 27 15 18 38 74 29 80 9 88 15 21 7 47 56 26 13 
73 21 40 19 83 76 93 8 28 76 65 35 5 91 7 5 73 84 46 2 19 25 59 17 56 4 65 62 69 83 70 56 41 1 2 39 76 50 82 37 59 72 8 51 29 70 88 44 95 89 26 22 8 45 17 13 28 17 64 1 7 98 27 72 10 74 93 5 94 16 63 71 48 51 47 80 41 7 30 23 53 45 8 94 67 41 30 16 79 13 59 28 93 80 58 100 90 5 66 8 
63 86 29 77 92 79 85 89 20 98 80 88 96 70 15 96 19 2 71 50 14 91 13 44 66 71 74 79 3 4 66 80 18 11 36 30 12 78 97 38 94 86 48 99 50 59 75 58 34 31 88 28 97 87 40 58 10 19 87 96 48 3 100 74 25 97 63 31 14 65 43 37 59 82 83 65 96 81 65 40 59 62 8 29 63 33 56 47 40 16 40 96 20 41 80 62 1 2 97 33 
21 9 2 59 97 67 64 8 49 85 2 26 99 41 41 45 63 14 42 80 53 2 66 63 23 9 41 56 80 95 79 84 54 89 43 52 22 60 33 28 4 97 1 22 3 90 89 61 25 9 99 56 87 78 26 6 24 17 8 95 98 25 99 54 70 80 27 95 11 37 69 21 36 40 55 48 7 62 33 7 6 60 38 1 11 38 18 3 14 44 70 14 28 26 3 28 8 51 73 55 
91 74 89 81 98 28 15 57 1 83 51 45 46 21 48 48 46 78 80 16 43 8 74 74 45 22 73 100 27 96 79 75 35 71 60 31 52 65 64 85 69 39 92 43 24 20 42 85 74 57 73 32 15 49 95 43 11 25 7 57 69 70 46 35 54 56 13 65 77 100 18 56 13 80 23 5 57 66 71 15 42 86 58 59 11 82 52 58 99 15 88 1 22 78 53 76 22 11 28 100 
76 51 92 4 29 85 73 95 24 41 5 21 97 83 29 31 70 25 28 50 22 91 91 84 15 67 89 95 36 37 83 14 22 67 45 92 25 71 3 18 91 65 91 77 36 40 86 99 24 92 64 45 92 19 38 51 73 87 21 22 74 31 75 78 76 22 12 39 53 95 54 36 73 15 57 16 16 22 29 26 63 84 42 23 45 11 22 91 3 34 56 80 23 28 85 97 53 84 19 38 
84 74 99 45 7 20 57 89 52 57 13 22 43 83 78 61 87 84 92 95 76 1 75 21 42 10 42 91 49 38 81 49 20 19 63 86 16 45 35 81 16 12 37 34 4 33 50 78 27 71 37 78 91 14 50 39 95 60 55 67 20 36 25 78 64 9 37 90 72 49 55 32 22 89 51 2 76 86 96 53 16 18 22 99 90 12 93 71 83 85 23 25 99 39 7 88 29 51 85 46 
48 91 19 49 24 38 82 74 11 15 9 59 65 15 51 52 59 70 29 48 89 32 16 34 32 31 35 38 81 91 98 71 39 54 29 58 36 47 99 85 37 9 12 7 26 8 95 61 73 99 91 8 10 41 65 32 7 61 11 5 85 32 71 64 21 5 22 7 73 39 88 70 31 22 32 9 37 82 90 64 80 85 92 36 94 81 93 63 36 42 78 27 64 10 77 50 25 43 92 87 
73 69 98 46 49 100 6 17 13 46 27 13 4 18 37 73 61 93 96 9 51 68 98 41 27 36 14 92 65 80 83 63 82 46 69 86 32 51 52 85 92 55 68 32 63 29 33 32 38 62 37 96 90 35 70 75 64 88 85 50 72 45 44 35 77 66 11 95 24 39 51 94 39 26 27 96 95 2 3 52 86 56 98 23 9 69 17 96 41 98 72 35 48 14 2 59 18 46 18 67 
93 56 66 37 53 32 63 7 86 14 5 45 5 65 84 34 33 1 10 21 83 88 34 81 41 9 24 87 23 35 11 78 35 37 44 51 39 3 68 81 13 75 10 51 100 40 7 53 89 93 44 73 35 29 78 89 84 64 96 84 70 80 57 70 79 37 60 19 47 30 38 51 45 44 55 79 30 38 35 34 95 34 80 98 9 32 90 38 59 85 15 32 19 55 19 89 71 42 90 11 
14 96 23 74 10 61 32 60 70 59 96 11 12 41 20 22 45 61 15 81 95 26 75 1 5 73 48 30 79 16 17 83 42 93 77 15 48 46 52 7 71 84 25 75 74 80 2 98 40 17 88 72 76 68 52 30 18 17 94 40 88 47 8 64 75 95 73 95 60 45 65 86 61 51 31 39 47 46 9 85 2 68 88 72 27 42 95 75 91 75 87 59 65 27 40 87 35 92 95 47 
80 86 33 13 92 38 56 13 50 30 43 79 74 74 37 97 97 24 5 38 48 30 13 91 51 47 97 92 3 39 48 96 39 100 75 12 41 35 84 8 10 72 42 93 65 64 18 25 38 22 12 35 94 77 35 17 85 2 77 90 9 29 87 1 76 27 49 66 56 36 17 10 14 73 65 71 36 36 46 67 69 40 80 3 47 45 13 6 37 45 97 54 39 43 10 95 78 63 73 100 
92 56 42 28 93 100 26 100 99 40 98 6 55 60 99 58 2 80 74 25 56 39 98 71 26 35 2 21 100 21 67 61 52 8 50 36 69 20 25 11 49 60 32 29 3 3 36 40 95 25 74 45 23 25 19 57 47 100 51 68 39 19 55 61 91 87 84 41 83 30 26 100 94 15 90 38 82 47 83 61 8 85 44 70 4 47 25 27 74 1 56 66 98 87 64 58 44 91 35 42 
17 62 26 52 10 8 46 92 45 48 89 93 14 6 26 23 66 97 43 68 12 72 90 56 77 96 6 97 18 75 2 25 23 54 100 45 16 38 17 48 92 66 38 7 77 88 12 73 10 29 68 17 14 44 10 19 4 42 50 47 72 18 94 25 89 83 98 77 11 67 72 94 95 72 35 43 18 55 83 36 45 78 27 95 4 2 55 19 76 34 38 66 90 97 24 30 60 100 29 27 
58 71 79 41 15 9 15 36 38 97 81 97 76 87 16 8 94 4 60 55 96 94 20 99 91 21 23 99 9 29 89 46 49 80 88 1 33 43 55 2 74 76 35 77 54 65 42 78 29 52 95 58 3 84 44 20 87 94 14 38 45 94 40 46 36 5 72 98 68 49 93 34 89 77 97 98 73 13 87 78 54 9 88 1 60 17 29 12 70 84 2 61 87 66 78 16 73 71 97 88 
27 90 99 89 45 89 19 65 86 79 14 29 34 22 45 83 62 83 33 90 25 58 67 42 63 22 60 53 27 18 41 50 32 73 22 48 91 39 21 82 97 21 60 24 13 47 98 65 49 47 87 23 88 10 26 77 84 11 20 74 87 94 25 44 97 20 11 33 39 2 52 65 51 92 59 10 49 68 85 96 5 67 90 84 39 28 37 61 49 48 17 10 9 98 54 25 16 95 74 67 
45 83 24 51 91 98 2 39 59 63 35 95 46 26 94 65 2 54 73 57 45 54 39 79 41 38 14 66 87 41 100 86 10 28 77 81 69 74 52 71 54 53 88 18 26 32 19 94 17 32 86 25 59 64 99 46 29 58 10 74 37 70 69 26 17 79 56 50 56 76 44 35 18 45 98 18 64 32 27 48 91 93 52 55 70 58 11 43 22 52 88 75 9 27 42 83 41 66 98 90 
1 69 82 34 53 73 68 1 86 12 45 60 44 92 78 25 60 2 10 87 47 42 30 46 64 70 85 74 20 93 8 2 4 9 10 42 18 46 23 79 87 13 5 24 21 74 27 44 59 35 30 9 7 81 16 94 20 2 61 6 58 81 91 37 76 62 4 79 17 71 6 67 17 24 11 82 78 63 13 79 35 76 42 67 61 51 3 50 33 29 5 83 4 83 37 72 30 71 32 89 
2 25 22 12 95 81 38 28 22 11 93 84 48 86 89 33 60 22 54 52 87 85 66 81 42 87 15 28 95 86 27 41 97 76 62 79 79 93 6 45 98 21 60 27 4 41 81 54 3 96 43 74 77 80 40 91 94 44 11 57 2 33 10 59 31 8 42 73 24 45 39 93 44 27 99 23 51 94 92 51 38 25 17 32 71 48 3 72 62 53 91 50 62 36 83 65 70 71 91 98 
98 8 61 99 30 27 95 51 3 18 14 55 91 91 28 5 71 93 78 48 93 27 63 19 3 24 17 38 86 85 57 69 11 31 22 63 85 6 84 86 55 74 61 21 85 6 65 49 12 3 44 4 25 78 29 85 45 19 23 49 30 31 70 97 100 46 98 76 8 48 50 86 86 32 2 78 45 9 60 11 63 43 39 59 100 60 96 2 75 72 3 5 8 79 72 49 91 89 55 6 
58 91 44 50 47 54 57 24 19 100 76 73 67 34 26 33 56 66 36 76 64 68 18 30 70 21 74 48 99 87 84 90 21 42 71 81 51 65 5 64 62 91 4 49 80 37 92 97 97 43 24 54 100 50 6 56 83 65 78 19 1 38 37 18 50 68 85 13 99 64 60 80 83 45 47 98 6 55 46 40 3 52 67 28 11 42 81 41 30 95 89 22 91 79 12 66 38 25 100 33 
54 77 28 79 36 95 21 6 75 4 26 5 75 97 54 98 93 6 75 17 65 8 19 26 27 2 23 56 59 22 17 75 34 51 98 83 68 25 11 15 66 92 32 18 5 86 70 55 75 61 12 10 80 9 10 12 89 44 61 18 88 15 93 88 80 87 91 98 81 51 54 93 22 57 81 44 35 63 33 92 57 22 63 23 50 93 38 34 94 6 27 83 89 16 55 11 15 90 54 44 
51 40 22 3 28 35 74 38 77 20 81 9 75 50 31 67 4 36 44 44 81 31 89 4 27 25 6 47 32 52 100 79 44 16 73 27 35 77 12 14 35 5 68 24 38 2 69 31 67 56 29 89 84 9 32 13 12 86 10 64 8 5 11 77 56 62 15 18 24 26 71 55 83 41 10 80 77 99 49 5 33 99 35 14 34 46 77 100 8 5 55 81 79 39 94 61 92 74 4 94 
6 88 16 44 96 91 20 83 36 73 94 43 30 97 41 94 85 64 83 45 8 91 63 28 10 20 90 66 95 9 41 68 72 87 81 28 14 74 63 43 64 63 79 54 3 81 3 23 83 81 53 57 51 53 37 63 45 24 36 34 40 16 75 9 64 30 1 38 15 48 78 93 77 50 96 55 35 11 80 65 99 64 60 27 81 1 91 18 81 45 80 4 53 70 3 17 5 97 57 15 
16 11 49 54 83 43 47 4 40 55 18 86 77 70 71 90 70 40 69 72 21 69 18 30 29 59 98 77 37 95 91 65 24 4 18 27 32 17 46 72 86 62 72 52 16 88 72 68 26 76 24 55 49 82 40 57 56 92 47 83 40 33 28 50 62 57 94 19 44 67 2 89 7 22 50 35 44 71 62 98 95 24 88 28 5 70 32 5 53 11 41 59 63 37 62 64 97 67 95 71 
5 21 30 30 36 67 12 73 95 81 69 2 89 37 11 81 81 99 55 32 74 68 6 32 91 83 25 39 95 62 81 64 32 86 82 4 80 51 12 90 63 73 92 75 73 74 45 85 20 91 65 33 37 66 57 40 60 76 26 70 1 93 13 4 83 76 15 26 90 17 92 29 39 97 63 72 55 76 3 34 80 59 34 72 98 73 42 34 97 75 19 8 54 46 1 87 100 41 50 3 
26 59 55 9 61 17 39 22 79 57 48 29 21 16 80 41 46 93 67 22 32 63 51 1 93 94 34 39 22 2 38 22 35 6 37 96 44 74 20 73 49 51 32 75 42 82 11 81 47 89 9 24 17 21 88 96 94 67 78 85 10 59 20 69 78 67 38 60 13 89 82 76 4 93 51 29 74 1 14 93 9 56 41 25 53 5 88 70 100 45 69 12 94 52 60 53 8 42 20 48 
6 75 53 79 77 67 15 36 30 70 18 99 53 5 58 78 50 100 46 31 10 6 74 4 5 19 82 13 77 75 83 47 14 15 69 46 30 14 79 10 40 23 72 48 27 23 2 21 71 64 13 82 26 93 83 15 12 91 86 26 89 65 55 38 19 88 11 5 53 6 95 59 9 26 30 39 8 20 79 6 72 89 84 5 75 68 39 100 90 44 82 59 45 28 26 12 32 41 45 34 
88 70 82 80 30 68 84 71 57 68 11 57 94 80 57 14 82 82 66 46 87 9 23 57 56 10 51 83 73 100 74 99 66 10 89 83 27 57 76 82 7 63 62 66 95 70 69 20 11 5 26 96 34 24 36 10 4 32 97 1 70 4 78 79 100 74 41 22 39 42 55 39 71 3 52 77 94 97 42 25 59 19 84 34 41 21 53 43 2 88 65 39 9 17 3 99 84 77 9 82 
13 68 94 29 86 65 59 71 98 9 2 90 60 81 66 81 28 84 67 66 40 22 37 83 62 85 100 99 33 49 4 82 93 67 21 81 33 76 11 85 67 52 11 58 31 97 21 31 47 13 84 10 83 78 50 24 96 70 87 90 76 84 75 96 94 76 42 30 73 77 40 1 58 74 12 94 7 5 90 100 82 39 49 80 78 46 78 97 34 67 5 100 1 90 18 62 6 92 90 68 
7 60 76 95 74 64 5 87 87 25 2 29 44 70 79 46 65 80 52 29 83 81 84 97 84 27 8 54 66 92 14 10 47 17 79 59 9 90 25 55 75 8 19 31 1 5 93 74 20 64 49 8 89 93 36 22 23 12 4 67 3 41 19 66 64 15 21 43 66 10 18 1 89 93 65 20 94 91 73 46 33 84 46 88 96 27 37 47 65 3 14 77 35 93 15 53 49 47 80 15 
64 49 83 85 88 1 44 76 75 21 89 35 8 4 55 100 66 98 73 91 81 50 54 16 98 7 27 98 11 47 11 56 85 22 78 49 69 87 59 100 43 17 41 82 20 18 86 71 94 37 99 42 12 7 19 64 64 93 22 83 47 13 98 21 90 36 70 99 73 15 29 92 55 19 21 35 23 27 90 76 39 67 9 88 49 52 50 1 89 57 6 7 49 86 52 89 2 35 34 75 
72 65 64 47 51 2 1 61 100 74 58 71 2 11 14 100 74 56 16 31 38 34 27 45 44 81 43 99 49 70 56 77 5 95 71 33 68 7 40 71 95 60 5 30 99 53 55 70 61 92 69 87 19 89 15 64 65 32 90 88 85 99 29 2 80 43 78 13 94 17 99 30 12 54 77 53 23 22 23 70 69 8 1 34 48 68 88 15 60 87 23 35 43 4 70 88 95 75 97 84 
98 2 72 82 58 31 66 73 56 78 59 22 67 8 90 86 50 73 71 33 45 94 5 22 37 33 36 44 64 12 65 11 73 19 72 63 76 73 3 14 90 53 51 14 76 21 26 40 1 27 49 60 11 28 4 39 78 33 8 18 71 57 98 92 92 43 76 54 100 1 12 19 59 19 93 41 57 13 28 62 67 26 41 24 36 38 88 31 66 10 99 21 58 96 73 23 39 80 68 91 
25 91 28 33 96 22 62 56 37 78 40 27 100 85 48 40 32 8 98 22 67 15 5 59 38 90 37 49 77 89 79 68 27 6 44 86 18 12 59 54 18 43 5 19 67 82 99 39 61 88 44 40 62 47 65 51 66 62 62 36 68 47 11 75 45 88 86 92 73 39 81 92 28 25 21 26 17 65 48 72 41 12 4 20 20 36 95 54 27 15 63 81 57 58 65 5 90 27 13 84 
24 16 18 49 90 56 10 93 57 81 86 38 81 65 40 80 88 48 20 72 85 45 7 46 84 71 39 6 62 81 48 51 40 82 6 58 3 81 66 46 81 32 4 11 87 18 29 23 60 63 98 10 4 26 22 27 24 43 64 51 24 82 16 40 82 39 47 49 99 71 78 59 31 96 51 82 54 98 100 53 72 5 27 34 90 36 96 30 18 94 39 98 87 69 12 85 54 57 76 10 
74 75 51 94 89 89 88 92 85 45 31 64 81 98 61 27 67 32 14 30 85 3 77 29 85 88 88 17 44 82 16 63 33 10 74 44 59 52 42 23 34 22 74 25 22 69 78 80 40 65 66 38 51 55 64 49 70 53 45 78 46 93 93 34 91 71 48 67 94 2 82 62 52 9 6 22 68 73 73 67 10 28 79 45 49 89 78 71 73 72 29 50 95 60 63 26 57 86 88 47 
47 75 82 6 40 91 85 35 92 17 54 56 10 82 75 21 61 12 84 19 63 58 43 77 83 97 68 2 92 77 97 73 79 69 59 59 82 47 3 30 68 17 2 49 97 27 37 62 91 80 100 22 43 95 82 71 44 42 89 66 14 24 57 1 57 45 97 85 8 65 26 12 99 2 89 100 96 92 40 51 78 80 40 64 86 31 4 87 13 84 61 20 77 57 4 8 59 82 89 84 
11 41 81 73 34 8 39 19 43 71 51 36 82 66 63 30 14 32 28 54 45 80 71 43 65 55 95 55 8 13 10 81 18 29 63 35 81 13 81 2 29 63 53 2 85 74 3 9 76 98 29 90 33 27 60 64 13 80 88 17 15 43 28 72 59 47 42 53 77 66 48 19 39 20 77 73 33 99 86 97 98 19 79 17 10 34 29 72 2 44 79 35 92 83 58 50 43 67 41 96 
12 31 50 29 2 3 61 31 72 65 45 82 51 70 15 22 17 19 31 38 84 51 7 1 75 24 64 54 21 78 91 31 69 89 63 55 89 13 50 20 94 75 9 37 100 54 54 56 18 9 8 91 50 50 47 51 60 65 91 83 67 16 2 30 83 70 99 26 39 72 75 30 24 42 59 82 86 88 85 98 31 53 82 19 71 45 99 83 6 74 33 81 63 41 19 17 87 7 4 98 
