73 94 62 3 55 34 24 55 12 55 8 21 67 47 2 19 21 30 7 22 2 86 9 30 5 31 63 93 77 57 70 88 4 90 93 91 7 58 45 43 64 47 50 36 87 29 49 48 29 53 45 64 77 87 89 6 98 77 7 79 99 6 76 39 15 48 40 72 68 56 82 27 53 30 44 53 20 76 56 99 26 48 39 91 75 1 80 48 67 20 33 74 9 18 28 91 37 54 86 27 
66 98 73 92 29 98 2 99 4 43 62 2 73 20 39 78 59 94 8 32 14 8 5 79 24 27 52 41 74 70 33 6 44 30 2 99 71 96 61 34 65 59 26 82 63 92 46 39 12 23 55 29 54 15 86 9 1 92 54 12 21 93 92 20 82 69 40 9 66 12 7 78 51 40 13 48 45 100 96 69 22 57 43 89 24 55 80 100 23 80 4 6 43 13 12 50 66 51 69 71 
97 75 60 41 58 59 41 22 28 43 47 98 96 58 26 25 6 10 84 72 49 29 38 87 77 45 48 36 8 30 11 33 22 87 77 65 2 70 9 69 9 81 97 41 26 82 54 53 75 4 4 6 97 94 40 25 44 13 37 37 91 54 87 42 50 5 35 54 90 12 98 26 67 87 62 88 28 55 1 26 77 34 49 91 58 74 11 6 60 51 31 20 61 35 37 52 24 31 49 74 
89 90 36 64 30 63 84 89 11 19 44 66 34 48 54 48 55 5 10 15 24 18 19 7 26 96 99 46 50 28 39 72 94 32 56 59 90 63 99 87 50 38 61 83 80 44 66 99 97 19 77 38 82 25 23 43 91 84 6 39 61 53 11 74 36 36 97 63 88 87 43 51 67 72 20 83 70 14 37 38 50 84 15 72 36 46 11 88 88 9 10 30 83 75 47 52 54 73 56 11 
49 56 37 71 33 11 97 34 98 70 23 81 18 10 55 25 35 12 31 12 24 17 26 7 19 85 89 14 86 13 51 42 36 87 24 57 9 3 35 17 67 61 58 72 84 61 44 51 64 11 77 9 89 48 38 19 11 73 97 48 42 95 90 12 23 26 19 19 47 71 60 27 21 98 17 27 24 55 3 77 4 11 60 35 81 71 51 96 86 49 91 79 25 45 87 67 23 78 14 44 
97 7 38 26 39 100 29 40 43 93 60 74 12 42 59 85 19 48 43 63 93 72 40 28 14 41 32 35 47 61 46 96 80 37 87 96 3 16 30 36 9 48 4 8 58 54 86 27 84 28 71 97 98 79 19 30 10 57 71 67 48 28 1 44 46 18 64 60 7 4 76 100 14 3 61 21 80 31 42 36 20 72 93 98 26 64 100 91 46 82 74 64 10 42 89 56 75 4 93 37 
72 74 43 43 4 10 68 67 17 41 97 69 24 17 28 64 57 30 96 48 33 85 42 56 89 4 97 48 70 74 56 16 44 51 6 74 89 83 51 80 30 62 73 58 41 33 43 24 90 89 53 14 38 21 3 72 84 55 68 96 19 81 26 2 9 73 21 41 75 34 53 7 88 63 41 83 57 95 72 56 11 59 88 99 5 69 39 84 31 30 72 27 42 23 73 83 88 77 82 14 
56 80 81 28 30 28 98 54 99 77 55 98 55 51 97 32 65 39 50 67 95 50 16 87 4 47 87 63 22 91 89 68 48 4 82 12 24 72 44 87 29 50 80 50 78 96 83 43 16 25 94 32 58 28 34 44 16 4 87 55 44 45 79 43 59 81 91 26 80 82 6 11 64 39 44 2 90 59 4 96 57 42 85 97 86 83 12 43 20 84 81 51 68 32 37 2 55 97 3 41 
70 52 67 76 81 80 26 7 83 45 86 38 47 32 71 100 6 59 13 73 69 30 15 68 56 59 30 18 53 8 34 66 70 31 26 52 15 10 55 43 90 91 64 40 100 56 58 56 75 73 93 13 55 66 33 82 40 15 13 26 18 37 62 18 90 10 47 7 94 68 85 27 28 41 1 83 11 34 77 16 67 65 58 57 8 44 55 44 24 13 66 88 24 18 63 9 6 81 96 24 
9 18 23 34 45 6 63 84 81 73 54 91 23 19 61 25 49 81 18 59 91 41 7 75 68 35 48 38 72 97 10 76 49 59 77 25 35 5 70 27 35 64 32 96 75 20 61 94 46 30 69 50 29 58 99 55 81 35 46 14 82 16 67 39 81 24 1 35 90 16 3 55 68 90 14 25 41 36 62 10 43 58 96 47 44 41 66 46 89 76 70 67 52 71 9 58 65 94 47 46 
50 25 65 36 29 80 64 79 69 9 78 3 21 57 16 100 9 63 67 63 81 36 16 74 77 61 84 96 49 3 67 72 78 51 91 45 24 5 16 35 72 42 79 95 33 65 32 82 51 29 27 48 58 73 23 45 12 9 79 3 73 80 33 57 92 56 57 99 40 62 88 27 82 84 39 2 15 91 18 10 77 46 64 53 78 15 58 31 25 48 23 30 62 30 39 66 64 62 37 41 
79 87 74 48 16 13 34 76 90 33 45 38 19 34 5 43 4 76 19 69 62 36 83 88 77 91 52 18 19 45 49 88 89 24 5 59 26 20 87 25 41 17 97 79 72 21 65 11 17 77 60 6 6 29 67 26 76 93 57 15 10 54 24 51 61 9 85 10 93 26 38 36 55 94 26 52 64 99 44 38 75 7 74 54 75 37 96 89 20 47 70 34 70 85 69 35 67 87 52 50 
89 44 84 42 4 17 75 57 71 7 55 54 51 55 96 76 89 66 92 66 88 25 15 40 63 92 91 11 24 92 20 42 92 34 56 9 17 12 37 56 27 81 77 4 6 24 19 29 60 5 80 55 91 27 71 30 55 32 5 74 15 46 61 98 39 80 46 14 22 80 16 45 80 22 26 51 57 88 37 85 7 86 44 81 32 89 30 76 15 8 56 61 62 46 2 97 12 26 16 95 
41 65 53 11 34 53 23 28 77 70 88 80 52 100 62 93 62 5 52 94 65 8 83 93 51 3 56 52 60 57 30 85 12 70 75 72 16 52 39 50 26 24 62 61 37 27 77 74 23 21 48 36 61 60 4 48 76 40 76 65 94 59 95 31 74 66 11 82 81 85 82 45 17 93 71 61 22 8 72 6 88 82 77 59 79 93 25 16 99 34 62 8 80 43 31 27 30 30 56 19 
61 4 40 41 68 27 12 57 29 77 36 13 37 100 28 67 91 79 85 27 3 1 94 15 42 8 52 49 61 44 21 8 43 95 75 79 53 17 43 64 36 78 21 82 20 61 58 2 89 63 33 78 31 44 45 41 49 38 66 48 50 44 33 68 80 37 65 18 20 93 58 43 81 25 31 63 21 4 57 75 47 14 48 3 52 63 99 22 63 12 52 36 5 54 39 31 16 44 32 1 
7 46 6 6 47 46 67 2 39 95 95 17 64 92 76 65 20 63 91 84 26 37 1 19 66 14 7 5 9 28 77 37 78 79 86 39 60 95 69 35 32 81 20 34 89 63 88 88 73 17 81 66 11 25 61 66 4 62 62 15 98 99 14 44 37 36 33 44 30 24 89 8 79 2 27 64 86 55 62 51 76 50 26 15 82 15 44 13 53 68 74 74 69 98 39 19 31 42 6 59 
98 31 35 19 31 37 78 91 32 14 25 41 47 77 84 82 64 16 24 57 40 54 71 57 23 31 88 61 6 23 42 85 73 41 64 82 81 67 62 6 80 1 53 15 42 28 53 40 55 49 91 85 10 42 24 24 27 79 81 86 17 82 10 24 90 25 10 55 83 35 35 20 47 54 58 30 45 78 22 28 94 42 96 38 76 13 26 90 85 51 84 79 76 83 92 3 36 63 80 74 
14 71 63 64 27 57 87 91 71 22 10 16 95 85 66 10 90 47 42 66 54 24 69 19 11 65 63 51 43 94 80 95 46 52 35 1 17 90 31 46 59 46 33 21 65 28 54 55 51 15 16 36 19 37 86 54 1 23 11 71 67 39 84 8 48 35 78 97 12 95 32 28 83 61 77 63 77 43 42 59 79 63 96 58 44 93 93 55 63 26 89 15 55 4 97 86 22 67 74 84 
35 24 19 62 57 19 21 16 89 21 42 61 21 87 72 54 13 37 29 34 43 72 67 55 26 75 74 15 51 62 16 49 83 17 70 7 50 42 85 6 21 32 37 44 27 87 36 40 32 4 4 52 46 49 74 88 30 10 28 33 27 43 73 63 72 96 4 24 77 95 46 66 74 11 53 68 86 82 27 82 74 97 68 75 39 8 8 73 42 6 4 33 52 91 87 13 56 93 35 46 
55 46 5 25 19 6 89 70 35 34 71 85 14 15 91 79 63 29 29 19 4 68 2 83 100 5 91 51 62 77 87 39 20 56 67 65 99 21 20 71 20 11 56 9 72 65 96 93 72 21 78 18 10 58 97 22 70 64 7 15 67 84 1 52 23 32 18 81 23 91 98 39 4 67 52 31 2 23 89 17 42 12 56 53 19 54 49 75 96 92 33 39 52 58 28 55 100 47 38 29 
40 88 49 63 100 80 58 85 24 82 26 45 66 94 80 79 71 81 24 16 86 69 60 52 89 60 39 45 51 37 62 34 13 76 95 34 75 89 65 91 27 11 100 9 54 29 43 31 83 8 82 95 13 71 98 40 31 13 97 44 89 1 33 73 1 60 86 95 72 67 96 72 73 8 35 99 100 9 84 66 19 50 49 92 53 31 59 3 50 30 70 9 15 5 64 62 29 38 100 19 
3 93 20 9 94 75 18 59 18 46 7 63 1 92 87 50 26 34 85 63 44 13 42 42 89 77 87 73 79 99 4 11 20 80 20 39 7 1 10 5 79 26 86 45 90 29 78 94 39 86 20 83 100 33 52 28 59 86 45 31 68 10 76 24 76 7 38 21 20 3 12 15 2 93 37 1 9 44 3 100 93 40 49 5 6 3 45 61 26 93 58 76 24 26 28 54 2 41 16 75 
78 53 35 9 90 78 60 73 61 9 10 58 56 72 38 66 44 43 6 38 56 52 29 29 51 98 84 57 21 53 34 66 35 38 4 47 31 35 93 97 6 78 64 32 21 14 67 40 38 54 40 34 22 60 60 68 74 91 10 100 59 36 75 34 89 71 47 24 28 75 29 20 79 33 44 43 48 57 87 30 4 78 20 1 70 20 7 73 60 95 25 70 88 62 21 77 22 64 20 1 
47 49 31 43 24 25 43 3 61 30 77 71 75 44 61 62 19 18 13 9 10 65 9 83 23 32 5 25 19 40 44 64 89 45 93 16 60 87 87 73 57 87 34 5 22 79 73 96 93 76 83 26 51 43 90 42 93 49 96 81 34 11 81 41 97 96 17 91 76 19 64 88 67 88 13 89 73 40 5 82 22 9 4 27 73 83 72 100 44 50 82 66 52 11 83 87 11 9 81 7 
15 74 39 91 19 96 62 3 44 17 23 4 7 95 36 87 75 41 39 17 10 81 28 88 98 28 6 73 95 91 72 79 10 9 50 18 50 33 34 27 79 78 51 21 40 41 4 33 62 8 89 49 89 46 73 29 86 68 44 27 67 62 26 63 81 36 46 26 12 72 41 61 19 41 46 42 8 59 25 78 61 74 84 45 58 6 3 60 15 27 2 16 19 100 96 83 36 9 2 92 
97 55 58 53 61 80 33 15 53 1 42 15 15 85 91 80 80 99 68 94 21 85 17 8 55 2 83 76 78 94 21 54 17 13 93 25 34 76 32 69 48 38 26 77 80 37 49 66 73 11 62 22 29 22 66 49 65 77 99 44 51 57 90 62 30 96 10 82 87 42 100 98 65 28 64 93 21 77 75 31 83 47 72 7 51 38 53 3 54 84 14 26 38 57 41 1 12 38 48 15 
55 62 67 30 13 34 35 11 18 78 83 32 61 33 10 63 23 44 92 86 76 46 60 96 39 9 55 50 60 20 12 45 42 35 75 28 73 66 29 73 63 7 77 77 73 82 36 99 24 100 77 52 92 79 86 26 64 94 76 2 44 84 45 14 68 62 61 86 15 69 14 17 49 73 59 35 35 26 7 41 64 74 93 27 74 96 73 22 5 87 44 10 47 4 77 40 99 20 12 97 
44 51 99 65 27 53 62 51 72 44 2 33 79 60 65 6 61 10 26 34 90 2 44 78 27 55 56 10 88 48 28 92 27 94 10 8 8 88 28 66 59 64 42 47 80 64 72 74 73 9 70 17 78 20 62 72 12 62 96 97 60 30 44 70 23 75 36 80 27 97 24 93 98 32 35 99 36 4 31 97 27 55 44 25 98 11 55 68 52 16 8 92 83 85 78 26 29 21 76 96 
63 15 40 23 55 44 24 38 47 66 2 15 29 61 64 74 59 35 24 35 4 64 64 4 25 2 86 35 19 98 58 2 28 73 8 41 40 6 32 19 57 87 55 40 4 27 76 54 35 46 32 96 96 54 62 96 69 33 64 98 91 66 43 64 19 16 28 9 21 96 3 74 94 100 56 76 28 96 70 4 85 89 14 37 59 73 47 65 90 83 96 61 14 62 55 18 99 45 9 47 
98 19 59 92 36 47 60 81 9 7 13 67 61 81 90 36 90 31 6 48 76 42 11 53 52 90 26 23 100 74 100 44 44 84 56 100 94 68 38 82 30 47 89 71 44 15 53 64 11 10 14 10 58 79 81 61 62 13 22 26 52 35 38 89 24 100 79 32 35 84 91 70 9 67 20 62 45 44 66 17 77 38 74 7 18 69 72 57 78 65 29 81 2 33 18 67 67 19 52 80 
18 15 32 34 12 16 81 66 8 9 40 23 16 2 19 91 46 58 51 98 57 48 46 94 75 95 38 39 67 35 14 95 37 26 17 67 53 8 49 36 51 97 12 74 97 3 4 62 5 43 73 1 58 1 100 36 97 58 11 67 61 65 61 43 38 15 2 80 47 48 92 67 80 49 31 15 60 92 95 46 85 27 77 55 5 44 5 38 41 44 78 72 57 8 85 70 26 16 28 99 
81 56 51 86 70 97 74 62 25 94 74 7 90 3 73 80 48 10 71 66 33 93 20 10 1 90 10 52 88 91 1 71 71 75 72 14 85 40 28 1 81 17 38 70 82 67 39 63 96 9 64 66 48 18 58 27 97 7 36 5 38 85 91 90 8 64 61 2 26 82 24 14 77 19 22 23 15 60 97 18 35 12 41 18 56 65 75 98 57 62 77 27 13 70 91 14 66 40 62 82 
52 10 49 47 71 28 31 32 41 26 3 71 12 20 100 29 11 86 89 73 23 5 65 5 71 18 92 29 14 54 65 58 39 79 2 15 28 52 44 37 86 8 44 6 69 41 12 84 21 97 30 26 66 11 21 15 94 85 36 95 85 83 72 47 93 6 37 88 69 78 11 52 31 63 100 86 58 23 94 12 92 21 73 50 20 53 48 35 46 90 27 82 11 91 7 43 90 88 52 74 
2 89 41 15 52 82 60 81 29 21 96 64 3 83 5 86 71 48 78 13 94 58 59 8 81 24 76 33 69 75 29 37 27 30 97 17 79 93 59 13 99 32 63 45 53 83 88 54 85 6 23 13 29 63 94 20 79 28 85 24 26 13 100 12 16 26 28 39 77 20 73 88 5 98 9 95 61 26 1 68 67 33 70 4 64 25 96 59 13 54 50 75 82 75 14 92 28 34 32 52 
65 26 83 37 2 1 53 20 11 26 51 29 84 78 4 68 42 54 20 33 93 83 37 82 54 74 8 48 40 24 80 22 24 36 41 80 30 49 17 86 50 100 9 51 79 12 51 56 40 53 10 4 87 77 36 7 80 29 95 35 5 96 25 28 50 92 1 54 1 67 83 61 32 1 45 30 55 75 27 35 28 25 26 34 49 7 4 50 63 44 7 87 25 69 76 60 36 85 20 19 
71 77 69 10 69 55 2 66 29 31 88 35 64 28 23 77 46 25 23 15 84 12 79 98 50 88 72 93 93 19 39 31 9 95 78 18 33 75 88 18 46 11 99 28 49 2 99 22 45 2 96 94 36 25 21 100 78 76 87 57 49 38 8 13 49 35 77 37 44 99 31 42 78 85 74 79 72 14 34 5 58 61 1 15 74 39 91 23 5 50 2 11 92 22 19 86 43 31 72 39 
95 48 4 87 23 17 40 56 34 57 26 9 58 98 68 35 71 54 10 17 36 51 55 95 29 45 64 30 25 34 61 47 59 45 25 35 40 86 19 30 18 34 7 21 94 92 48 90 98 12 72 40 82 17 53 16 51 63 81 95 69 73 2 78 17 53 2 79 54 43 14 89 46 100 72 3 99 97 75 78 96 10 60 80 89 92 69 21 42 63 17 66 82 38 61 72 38 22 80 81 
2 61 25 65 95 53 68 78 24 10 46 34 40 5 78 30 42 50 77 64 88 73 28 24 100 97 36 95 95 33 93 8 67 51 26 81 77 24 29 98 41 52 24 100 35 22 1 22 61 7 5 31 75 16 53 13 88 37 59 38 67 36 35 7 34 44 53 69 81 89 12 43 76 76 48 4 46 55 79 64 35 1 43 24 67 39 58 48 42 34 82 12 17 34 46 25 21 27 6 79 
95 8 100 55 35 76 56 20 49 44 91 46 77 42 29 56 18 68 12 37 54 24 71 33 35 52 19 92 18 41 45 67 57 33 66 61 90 76 18 38 62 27 80 95 49 17 36 54 82 44 4 8 66 10 95 33 31 68 91 70 48 52 79 52 61 57 100 92 85 92 88 95 70 85 34 52 33 94 88 14 50 86 15 24 19 17 98 7 28 1 98 1 68 39 36 83 93 23 71 5 
23 52 1 88 15 13 61 61 14 97 83 22 2 93 100 19 41 44 4 75 86 75 28 38 55 26 49 32 36 66 82 95 78 81 69 69 58 44 54 71 89 70 44 68 61 25 64 74 48 60 94 75 13 92 12 43 54 68 62 44 33 52 46 6 58 99 73 66 73 79 38 45 48 75 5 9 25 15 4 36 69 23 33 70 99 21 30 41 59 34 26 46 65 47 60 71 77 23 56 64 
89 40 43 74 55 18 25 66 52 55 70 23 16 54 56 19 17 35 72 7 29 72 89 50 67 89 65 71 34 64 68 46 87 61 19 32 58 99 21 19 28 9 40 47 68 23 49 5 13 91 35 45 87 21 76 71 69 24 3 67 13 21 71 50 61 6 98 15 16 5 89 90 93 35 86 53 34 12 20 6 68 24 96 78 3 93 4 29 73 92 93 65 49 74 16 18 2 45 42 32 
78 6 20 56 70 70 49 52 6 17 1 83 94 88 46 16 84 33 98 24 5 86 49 26 54 48 98 58 38 52 77 51 34 13 97 22 10 61 85 6 11 95 54 90 91 25 41 41 64 44 93 57 36 3 74 32 16 22 88 3 65 96 38 6 98 11 34 7 69 42 25 100 53 83 34 20 65 64 98 66 55 21 2 46 25 34 33 1 26 6 100 68 54 53 42 26 85 63 34 42 
84 69 55 98 32 75 43 63 79 84 4 8 62 67 30 65 72 28 41 88 80 96 21 88 34 2 46 100 1 88 80 44 60 87 87 59 37 16 69 66 84 17 48 60 68 13 37 83 21 32 6 83 78 86 96 6 73 85 58 91 71 91 24 91 2 41 83 91 92 6 7 86 60 35 62 55 96 91 39 19 81 43 46 7 80 15 18 56 78 72 80 63 71 9 20 2 24 47 18 83 
42 45 66 44 95 15 5 89 52 93 57 52 50 39 72 18 43 43 62 70 30 45 30 68 59 50 86 47 99 46 45 36 36 5 19 64 86 70 55 28 17 21 49 62 10 97 43 8 79 86 35 98 74 77 48 26 86 51 34 48 69 79 33 77 93 94 72 4 84 84 29 59 67 83 47 31 57 5 9 80 86 38 13 96 28 100 99 75 7 91 24 84 45 77 80 31 15 66 5 82 
53 88 29 21 47 83 51 68 30 12 37 40 27 16 31 21 47 27 62 52 92 76 45 43 59 23 66 62 37 89 27 12 44 8 21 38 46 6 99 67 23 2 48 82 59 17 22 45 53 42 92 55 47 48 58 25 54 12 7 89 37 76 67 55 29 36 24 14 31 28 67 76 46 53 71 13 42 35 25 80 29 94 9 94 6 12 53 77 21 47 38 100 8 50 91 13 19 47 23 26 
5 90 23 62 47 62 7 10 98 38 44 15 1 20 20 91 97 88 8 4 21 45 54 77 69 18 86 46 68 6 17 59 43 20 80 100 96 9 11 87 83 26 4 55 93 22 27 85 43 86 45 8 14 80 96 57 63 74 96 53 10 100 47 3 89 51 96 67 57 39 18 46 28 9 16 39 29 47 35 94 24 78 30 6 15 36 70 40 5 12 78 15 19 28 95 55 43 25 96 8 
55 59 100 44 91 78 22 66 10 84 72 91 17 94 6 37 14 69 71 79 96 64 32 47 42 93 91 2 16 3 26 38 44 21 92 67 68 67 94 56 15 78 66 19 2 40 89 68 1 40 7 74 57 10 31 68 32 68 9 83 77 55 87 9 6 63 42 7 6 78 51 64 42 58 29 78 61 2 20 71 17 53 75 59 19 12 91 33 30 1 74 76 95 79 25 14 10 83 91 25 
70 26 83 52 48 28 82 10 5 80 91 97 61 38 46 5 18 45 84 69 27 16 90 69 71 82 6 5 57 89 45 5 100 55 85 69 62 3 89 52 26 89 83 99 22 32 85 98 84 77 13 97 37 85 85 93 9 51 24 82 14 51 97 6 39 15 46 17 3 77 71 78 49 24 84 67 30 23 56 6 14 2 27 94 39 26 83 67 96 9 51 83 1 6 41 86 32 68 34 72 
18 39 71 86 68 12 26 39 4 70 70 32 7 99 9 4 52 65 32 28 3 6 72 69 3 75 93 77 60 26 39 12 4 96 40 72 45 32 97 78 88 47 97 74 7 50 71 8 59 89 73 76 85 19 26 76 73 25 27 26 62 53 97 94 52 53 77 67 91 26 33 79 63 25 2 50 85 83 71 69 6 59 36 67 11 70 70 91 70 11 58 39 49 32 99 84 97 46 99 28 
18 86 83 98 41 53 24 78 85 67 42 45 3 82 47 71 6 31 89 90 83 85 98 74 49 78 21 62 65 85 70 24 36 28 34 17 3 24 86 83 83 13 84 12 78 17 44 54 97 50 80 8 4 70 22 82 29 54 100 13 39 70 1 56 12 78 67 16 26 59 92 47 75 12 2 63 100 23 88 86 76 66 19 43 90 48 36 50 91 50 25 27 16 50 97 39 71 70 19 61 
69 96 44 90 4 78 17 98 61 44 66 90 43 90 88 11 52 87 93 4 37 39 51 27 10 98 74 20 82 84 55 96 4 41 38 23 18 95 40 25 2 98 73 84 44 18 60 78 20 49 58 8 45 40 4 3 84 82 81 27 46 64 40 96 72 8 8 34 39 74 8 28 2 23 53 9 55 16 72 3 30 62 94 88 34 84 20 11 71 68 30 2 6 51 23 72 24 33 84 78 
49 15 13 80 89 31 94 41 100 4 61 70 76 21 67 40 20 8 98 39 68 14 70 100 87 63 63 23 34 91 23 25 7 1 33 27 19 66 80 13 15 78 8 18 85 88 92 61 94 68 55 16 69 66 78 89 64 57 82 8 49 26 87 60 81 75 3 27 72 44 35 11 72 96 10 78 25 10 23 29 100 51 64 95 99 3 41 97 25 18 76 44 36 55 1 55 95 9 37 2 
53 65 77 1 84 42 93 84 66 14 55 89 15 74 31 15 68 45 5 81 64 58 93 78 7 49 55 97 46 49 78 76 99 81 4 100 92 44 13 43 9 6 42 31 26 51 39 34 2 91 60 100 98 81 10 17 97 84 22 32 18 17 100 58 55 67 23 14 16 61 72 19 37 48 10 88 94 76 19 15 65 5 87 3 20 20 37 40 22 4 13 61 28 42 83 31 7 59 70 29 
7 4 87 8 7 72 20 43 73 70 59 64 5 100 54 47 18 63 69 95 32 18 45 36 51 23 6 89 74 84 34 2 31 80 70 90 15 29 26 48 10 56 71 25 50 49 96 35 64 23 2 55 43 68 19 34 34 10 29 86 61 40 60 61 95 9 28 18 61 9 88 12 84 39 57 57 72 39 35 11 28 82 19 86 100 84 44 18 11 33 61 79 56 25 30 28 13 54 62 93 
1 29 60 91 24 47 46 20 56 1 99 64 33 45 95 95 34 29 54 41 58 38 22 86 57 28 72 7 75 71 73 10 59 33 97 13 50 82 9 19 65 48 69 56 28 21 15 56 46 94 23 18 87 5 56 1 38 19 4 50 89 62 26 22 52 23 94 84 55 27 98 4 54 43 85 43 29 32 84 79 30 24 52 89 32 43 49 80 95 40 56 34 24 6 8 97 96 50 21 85 
99 2 52 2 22 63 26 58 64 90 39 24 89 60 5 49 83 9 67 96 11 57 30 6 17 60 61 21 41 59 50 69 100 36 27 52 3 48 31 59 94 5 20 19 43 79 80 13 97 70 15 26 37 62 82 40 49 26 68 70 96 62 21 11 78 59 73 23 98 13 17 81 30 55 62 68 96 48 65 61 56 1 81 81 52 39 5 70 37 1 67 68 70 45 64 39 38 41 2 10 
24 80 50 76 26 52 81 52 95 76 23 26 89 41 25 74 6 36 86 69 15 34 32 20 67 5 17 41 46 31 76 1 99 30 90 11 85 72 79 65 84 65 25 21 66 96 9 9 39 57 51 72 87 21 53 75 88 60 99 29 38 54 10 37 47 24 64 58 45 21 11 18 70 72 61 62 71 20 22 81 33 32 28 52 86 9 36 3 59 8 20 22 43 97 3 77 94 26 81 68 
91 30 31 75 47 12 38 63 78 10 20 15 62 27 98 45 6 68 51 79 58 15 4 99 90 71 14 87 4 93 27 15 18 70 91 35 12 48 66 41 47 9 16 90 70 61 18 44 5 68 69 25 8 63 67 7 72 94 51 19 40 19 32 85 13 61 38 53 58 24 13 5 72 86 5 43 27 15 11 93 5 52 34 25 59 8 41 56 16 11 65 5 35 33 100 25 66 16 21 66 
87 55 15 59 12 81 22 43 36 15 3 9 71 50 73 65 1 84 87 67 77 69 11 74 65 52 62 78 24 85 47 77 19 67 69 56 2 97 59 26 66 37 25 18 61 33 5 98 43 84 23 23 63 16 98 81 54 4 38 86 63 12 54 96 35 53 89 21 9 99 44 55 27 13 99 36 67 31 13 8 8 89 84 34 56 79 3 84 20 10 37 70 91 19 89 61 96 9 1 83 
91 39 24 89 6 82 57 22 5 1 48 73 96 76 37 85 94 34 90 79 90 27 71 96 22 61 86 75 76 1 95 55 88 15 19 11 62 16 100 81 36 35 95 28 28 45 57 81 6 88 2 35 99 75 70 85 49 51 19 63 28 88 7 86 50 3 38 34 98 43 31 72 64 1 12 92 61 60 51 81 93 4 17 98 84 86 10 66 31 51 50 99 32 22 34 56 14 7 64 70 
47 52 22 78 16 47 26 52 3 30 29 74 14 34 14 71 87 81 8 53 79 81 99 86 77 19 76 53 31 53 39 36 87 79 36 83 47 21 76 58 53 48 12 15 71 39 64 66 97 93 19 23 51 81 84 51 22 43 55 69 33 90 22 54 3 15 47 53 14 9 87 98 36 36 90 32 4 16 13 21 47 36 86 66 15 42 61 89 62 39 95 69 47 32 52 68 73 37 95 61 
59 36 25 55 40 48 11 34 66 93 13 15 36 54 26 25 80 42 95 38 82 52 41 40 45 70 95 61 100 63 28 61 57 22 38 84 3 40 90 50 32 60 87 44 70 38 98 30 19 85 79 2 25 16 12 59 96 34 77 37 20 45 48 71 67 21 23 66 68 30 24 39 28 79 78 100 83 10 1 4 59 98 8 89 22 40 25 84 13 80 83 23 4 56 87 81 72 33 52 13 
7 8 80 76 49 37 82 56 97 99 35 37 97 69 44 35 79 78 21 1 38 47 43 69 31 4 60 73 16 98 76 36 94 44 25 27 3 62 78 74 59 22 11 35 52 97 8 50 74 76 50 70 1 90 3 76 38 71 9 72 35 62 90 40 28 68 84 92 98 56 11 96 60 17 42 45 97 79 99 46 81 11 60 95 10 64 33 60 5 53 3 19 35 98 37 17 23 79 34 42 
26 48 37 94 87 34 85 29 70 86 47 61 39 48 62 2 66 87 79 49 81 46 79 85 59 2 17 2 48 88 26 31 57 74 44 68 90 50 51 100 70 18 34 1 83 63 23 37 28 53 22 48 24 7 97 56 40 53 17 73 63 61 3 36 62 17 19 48 6 47 18 63 97 48 13 12 23 74 34 29 87 75 16 94 62 4 98 50 82 17 85 52 11 10 6 31 30 32 18 89 
45 8 55 55 99 38 77 85 11 65 5 29 37 82 20 23 10 57 85 5 56 100 3 45 29 23 30 99 30 60 42 31 60 79 70 73 82 98 13 68 20 38 64 4 31 24 64 100 86 85 20 64 66 42 34 38 39 3 50 77 37 16 89 84 92 46 16 44 39 57 77 26 71 57 41 34 91 90 71 57 27 31 5 85 34 64 53 22 68 76 9 83 80 89 96 42 9 45 42 33 
64 77 61 63 14 81 22 61 57 63 59 4 58 37 96 52 29 50 49 13 22 40 89 87 13 43 6 8 3 81 52 25 67 73 47 20 78 73 28 20 34 78 34 58 10 76 89 1 92 29 16 66 78 22 15 74 32 39 70 80 55 44 87 9 89 58 11 28 3 17 31 42 9 79 51 19 13 16 45 89 60 15 6 79 37 32 60 33 29 53 71 16 52 35 8 23 61 97 77 58 
60 32 25 7 100 73 13 22 100 38 88 46 23 18 36 35 14 6 19 86 57 8 11 44 70 94 33 98 92 98 60 62 36 10 34 100 72 65 50 83 36 39 30 76 99 97 77 99 45 28 64 79 22 42 69 53 60 80 16 91 68 34 75 67 65 48 57 58 90 41 88 86 61 48 41 32 41 66 90 26 48 30 64 32 8 30 49 53 1 91 20 58 62 86 93 52 72 6 68 57 
29 91 5 49 38 13 94 45 78 54 72 57 79 17 17 82 42 94 91 84 5 52 98 38 19 53 70 24 92 58 93 64 65 13 47 76 81 27 2 67 40 79 97 79 32 98 75 45 3 4 33 90 46 66 79 56 89 40 70 68 82 94 48 47 66 48 10 59 30 39 20 7 51 32 96 9 85 48 93 100 32 96 16 39 29 46 39 84 44 44 78 8 60 25 14 12 57 5 15 5 
82 15 40 19 98 33 44 96 92 75 43 37 41 5 48 11 13 48 40 79 76 28 81 93 74 26 9 96 69 24 29 14 6 39 98 74 41 80 70 56 36 90 91 63 28 6 73 50 98 10 99 17 30 22 18 19 21 52 53 96 57 3 62 95 47 80 96 96 85 27 17 91 42 3 95 27 30 6 52 69 94 5 50 20 14 32 100 39 62 47 45 92 86 88 14 12 90 16 58 31 
64 17 74 17 70 1 1 10 8 26 24 77 54 21 44 85 20 5 100 53 11 100 83 28 30 38 16 62 63 99 12 69 35 54 89 61 16 71 91 22 66 50 36 49 31 7 45 66 15 34 75 37 61 68 14 42 65 72 68 71 13 7 82 41 97 83 81 51 85 6 37 94 62 4 92 87 51 14 31 81 41 26 51 86 43 86 98 32 79 89 61 48 3 47 92 42 17 19 79 60 
8 17 72 72 9 21 4 99 21 82 92 71 23 53 52 71 92 9 15 40 41 1 54 86 75 71 41 61 6 71 97 70 48 56 15 70 93 57 37 93 21 10 2 80 15 11 85 66 72 7 22 11 57 82 58 26 47 8 84 29 45 93 41 29 37 47 63 54 82 24 78 86 1 17 70 79 98 62 73 8 47 70 10 100 3 47 48 28 23 13 15 38 17 54 65 82 4 9 2 13 
26 14 72 47 84 89 55 10 49 12 81 41 42 36 12 59 21 4 96 6 89 13 64 12 98 59 70 40 65 27 43 74 8 85 67 84 94 21 99 37 19 30 2 55 91 91 67 95 22 62 19 72 41 63 34 35 4 6 42 13 97 78 94 100 45 96 72 79 80 28 38 9 88 1 9 91 87 58 42 10 61 81 95 66 75 25 32 68 22 13 69 29 92 14 27 8 70 47 70 27 
72 43 20 75 61 46 58 8 63 40 45 44 85 31 42 54 62 24 57 39 86 29 67 46 71 19 50 84 45 45 29 7 83 11 38 6 67 84 57 24 71 36 72 52 11 98 41 80 4 48 57 35 55 58 54 38 47 44 25 52 74 63 95 53 88 20 45 79 23 75 2 12 46 70 96 57 28 90 52 44 56 42 97 15 12 69 65 9 43 70 55 88 28 76 70 25 30 5 5 46 
24 31 90 26 54 66 95 6 15 62 95 13 61 92 63 7 28 30 87 89 55 65 8 5 40 50 11 89 3 85 65 30 43 21 62 3 83 44 59 100 93 98 10 70 55 28 67 50 100 45 4 67 26 34 69 47 26 34 51 95 48 79 42 27 81 78 9 62 16 1 69 50 10 82 71 92 92 93 70 2 5 21 31 12 68 72 43 79 91 23 51 63 84 99 100 74 36 82 88 86 
14 9 35 91 81 57 33 73 24 60 97 52 13 42 8 66 96 83 64 71 54 25 33 21 20 20 72 26 40 95 37 94 61 97 73 62 57 5 8 20 11 56 2 96 70 70 30 51 83 51 79 71 71 1 28 78 77 68 56 10 14 66 33 71 74 16 24 83 77 42 20 21 25 94 68 6 28 15 70 30 97 48 58 47 61 91 37 94 89 94 94 86 32 55 64 35 66 63 19 54 
70 74 4 37 75 96 50 56 27 54 100 96 95 28 60 29 43 30 66 32 74 41 89 95 15 43 72 98 42 28 56 14 84 60 20 61 37 95 12 54 18 67 67 39 47 96 84 20 45 94 74 15 56 2 69 97 59 78 67 94 16 8 75 100 50 56 35 100 23 14 74 68 60 47 66 91 87 48 57 21 68 19 7 69 30 5 30 69 18 17 23 70 93 44 8 41 40 81 54 69 
78 63 2 67 21 44 13 16 34 43 20 68 22 56 50 65 37 97 16 72 46 33 25 77 56 74 28 100 90 80 89 53 17 15 93 61 76 41 59 1 56 75 76 97 17 76 5 56 7 76 50 90 29 20 1 57 94 45 76 98 3 88 56 1 24 53 26 49 47 71 46 95 36 58 100 97 30 93 99 28 56 84 43 31 4 66 36 88 35 77 8 81 91 7 35 29 90 73 4 67 
15 78 34 34 89 54 63 55 56 59 96 7 15 27 39 53 84 2 12 1 83 90 19 84 28 56 65 9 28 93 93 67 30 23 1 23 8 1 32 26 3 73 27 80 38 96 83 26 33 36 14 2 69 69 18 58 41 55 27 21 89 9 71 9 40 76 4 5 39 37 55 86 95 77 99 85 18 92 89 89 11 3 43 9 29 63 26 89 21 30 25 46 33 83 43 88 96 4 53 67 
25 1 69 96 98 81 82 95 22 59 73 73 16 8 84 12 6 62 93 9 67 53 23 57 76 3 20 94 35 2 7 50 51 42 59 97 29 60 83 67 12 8 76 55 51 28 59 13 47 31 68 22 81 23 76 5 48 66 28 65 31 65 15 85 67 51 32 91 84 58 48 83 59 35 58 56 3 28 10 9 39 92 2 11 44 65 84 98 97 64 6 61 66 90 75 72 90 15 26 7 
84 76 6 43 87 67 93 54 50 42 1 6 11 6 69 76 89 52 69 40 34 56 53 28 6 87 50 84 73 63 44 90 28 80 82 66 25 67 47 71 19 25 1 92 30 70 42 14 98 69 27 7 16 98 4 96 1 10 3 33 22 43 65 41 78 99 52 84 11 34 86 41 64 91 66 23 34 21 69 77 16 62 93 10 46 40 8 27 52 30 38 4 11 33 60 42 70 2 68 7 
24 24 99 85 93 98 41 9 60 21 48 47 27 11 44 16 15 8 57 17 91 58 64 88 100 81 96 74 85 89 30 87 95 67 74 55 55 72 74 15 81 86 2 75 51 6 33 38 11 95 71 97 75 25 5 21 56 55 19 73 75 35 61 14 92 13 15 10 75 97 14 68 71 80 76 36 58 60 100 36 92 6 94 22 7 25 44 63 13 68 8 98 1 33 59 33 67 15 17 85 
56 88 94 45 93 31 63 87 62 43 41 42 5 100 47 68 89 73 95 43 92 49 25 62 94 58 52 49 84 4 64 36 70 18 88 55 82 81 78 46 6 28 22 59 71 7 75 62 63 93 62 66 66 30 15 57 63 65 83 2 11 75 5 48 56 68 72 29 15 11 27 95 71 54 74 42 55 60 53 55 42 73 84 68 79 61 79 100 55 56 100 12 27 89 36 42 100 13 15 12 
48 55 56 10 84 26 97 53 61 2 96 81 33 76 35 34 29 53 12 47 38 45 93 96 13 25 31 30 3 63 3 14 41 86 63 96 80 13 76 3 5 7 64 34 48 58 8 82 9 87 5 2 82 15 27 84 94 94 57 100 75 76 67 86 57 74 86 33 18 95 96 92 20 7 35 28 11 18 11 97 25 17 46 100 99 56 36 25 13 3 4 18 30 83 35 66 36 61 36 6 
51 71 5 51 2 77 15 23 31 34 58 7 7 91 50 92 12 30 66 98 12 57 88 44 16 75 51 70 17 26 34 25 3 15 36 84 68 17 71 100 26 41 46 45 83 22 18 81 86 18 90 91 50 77 7 28 70 56 28 5 15 78 82 38 34 9 12 68 96 20 81 19 61 2 37 85 43 87 63 46 8 87 18 43 47 12 99 64 61 43 26 43 77 91 50 23 79 60 87 65 
39 15 66 87 47 75 35 63 19 33 90 30 46 34 72 13 69 70 94 80 99 97 55 70 94 48 26 75 55 99 78 2 55 10 50 100 92 24 37 37 7 84 1 75 88 94 44 10 13 13 12 35 11 50 98 9 20 27 63 55 41 69 99 24 97 65 91 64 69 71 33 36 36 64 36 67 96 26 78 37 49 78 29 39 96 24 29 86 17 1 4 14 51 54 84 28 45 50 42 33 
81 58 84 89 78 31 6 4 14 54 66 21 30 68 54 36 30 39 97 47 22 55 10 87 21 59 29 53 93 57 8 35 25 88 46 72 58 51 39 12 37 23 46 69 55 83 14 99 89 86 55 39 98 63 28 74 86 81 94 15 66 61 50 10 39 34 57 34 5 54 20 63 68 18 19 91 97 67 87 39 33 92 29 83 74 29 55 80 56 72 45 71 33 49 67 42 34 3 1 18 
11 60 59 72 22 3 58 81 78 59 80 97 23 72 14 83 38 9 62 58 25 51 82 21 92 79 38 64 60 68 31 10 9 17 72 37 59 15 93 13 74 84 62 93 1 85 100 21 9 39 51 62 47 39 70 12 45 31 18 57 78 3 45 46 22 5 20 34 81 16 54 34 55 69 8 5 38 22 50 10 5 99 54 91 94 68 45 70 17 92 49 36 53 97 38 68 13 58 87 56 
1 28 10 40 60 34 49 13 82 15 51 67 21 31 4 83 36 46 41 67 3 77 59 52 98 54 97 17 72 95 61 54 99 6 83 73 7 10 68 20 72 54 4 45 12 52 13 73 87 38 77 28 17 32 80 5 23 3 44 3 90 17 47 1 94 61 23 77 36 69 5 73 32 65 96 25 9 8 9 17 7 83 24 21 99 10 73 63 98 16 94 35 75 93 22 14 28 78 42 4 
61 46 45 63 99 70 93 92 60 58 99 69 41 35 26 95 89 69 42 96 39 72 33 78 95 90 75 84 92 72 98 53 35 33 68 27 27 13 9 14 60 34 17 15 52 49 86 80 60 70 75 73 10 30 40 100 46 62 6 56 45 6 83 30 45 16 5 41 7 47 37 31 26 18 66 78 52 87 41 89 61 6 70 45 27 86 66 84 46 81 72 20 23 27 79 67 74 39 31 95 
73 37 24 41 96 1 52 23 95 90 3 7 56 56 15 54 22 53 92 82 16 50 41 83 88 35 13 25 62 82 33 91 11 35 10 58 57 3 80 20 50 88 63 45 60 12 52 6 86 73 82 52 18 27 32 59 3 16 33 40 15 96 9 94 42 30 72 90 93 98 16 56 66 74 44 41 22 29 37 14 95 64 90 53 82 53 96 48 58 22 40 47 29 43 3 14 85 14 97 26 
8 37 16 99 72 10 73 41 25 28 32 1 64 44 61 5 78 37 90 14 2 80 66 88 49 44 12 47 92 26 71 17 13 54 43 25 16 99 12 24 41 94 30 32 97 48 71 4 57 88 89 66 93 65 40 21 73 22 7 51 52 10 20 66 7 23 36 8 63 3 77 50 43 33 39 6 50 81 76 87 68 61 45 74 80 7 67 87 12 5 18 4 50 79 45 56 54 83 79 4 
93 4 15 15 78 65 87 46 61 12 37 64 91 50 24 33 22 43 59 53 44 67 53 15 66 95 7 96 23 31 4 83 82 53 83 42 51 98 87 23 71 41 43 90 59 65 31 33 81 51 65 10 39 51 29 19 81 76 25 38 9 24 17 27 78 17 90 17 75 80 63 21 74 30 59 77 92 61 11 83 12 69 86 18 39 68 44 27 64 28 17 7 89 32 83 2 5 59 18 19 
80 85 25 18 27 63 1 60 15 24 53 45 65 76 39 19 75 76 23 69 74 27 52 36 87 6 43 14 16 11 68 82 51 54 60 47 11 27 19 91 29 66 16 11 96 68 48 48 4 50 44 38 64 95 53 2 18 61 3 28 39 84 19 68 66 47 23 34 35 4 73 50 37 84 4 66 98 42 34 46 24 34 66 100 78 5 67 63 87 76 34 57 64 39 86 19 82 56 26 28 
87 58 13 98 47 2 94 18 81 29 58 45 47 81 28 67 2 84 78 65 61 97 4 60 35 80 61 57 9 33 78 1 10 74 18 37 71 86 66 10 17 30 59 7 73 27 18 69 51 22 21 4 13 33 82 73 62 1 94 11 16 94 52 58 91 44 31 38 64 73 9 59 21 76 95 51 46 40 19 71 13 85 81 87 91 17 34 49 58 21 6 29 82 71 40 84 37 92 12 47 
65 13 62 82 55 80 80 45 90 57 48 77 26 15 16 43 82 99 22 16 42 96 44 6 56 8 18 21 11 79 83 55 56 95 34 24 30 49 77 44 72 45 9 8 17 84 21 97 49 95 86 58 97 51 8 58 31 97 34 61 100 52 45 29 27 33 1 38 95 62 42 15 25 88 10 22 56 6 25 99 23 47 21 35 33 18 45 2 92 8 79 82 90 75 30 83 24 48 4 61 
17 28 7 22 95 65 63 66 94 72 3 5 47 81 60 33 44 10 95 90 90 15 56 85 54 60 57 97 54 71 35 47 25 11 16 94 86 55 13 38 65 52 86 96 12 7 26 74 77 45 34 9 96 19 91 59 92 28 45 98 92 42 96 79 98 21 37 79 17 48 21 22 56 30 99 89 14 40 97 34 98 98 44 45 6 4 91 66 41 18 79 18 91 64 84 21 2 16 40 33 
34 39 29 55 40 84 57 83 14 64 99 73 87 29 45 6 23 23 19 27 27 64 5 5 100 64 72 28 99 60 84 95 66 75 41 58 38 25 6 71 64 76 54 45 18 99 24 15 69 83 74 1 18 3 63 38 79 10 17 29 95 72 94 38 49 7 78 31 87 37 69 73 41 54 47 79 17 16 92 98 1 85 17 17 70 63 83 84 7 76 3 5 15 65 23 8 75 71 54 86 
3 62 39 11 28 18 19 20 86 93 28 27 11 46 95 95 19 93 29 38 82 76 33 39 47 27 43 100 98 93 96 56 22 98 62 95 92 98 95 67 66 12 50 98 63 56 94 42 92 67 33 73 66 37 80 97 67 67 24 34 61 88 24 8 81 77 74 75 31 17 73 67 24 70 1 90 53 15 50 24 27 35 90 82 13 93 7 59 45 95 77 84 85 30 12 87 15 99 33 26 
38 92 79 89 67 16 4 1 39 62 68 99 95 4 49 77 93 68 14 17 49 4 12 25 88 15 80 79 1 32 50 98 23 51 82 8 81 1 21 94 3 49 21 55 21 95 78 72 78 44 46 28 61 58 82 39 14 53 44 77 55 33 31 5 38 89 31 84 75 96 36 6 27 75 71 71 34 39 45 46 17 37 65 69 30 95 96 17 56 66 8 86 12 16 60 56 97 47 37 12 
15 22 77 43 65 73 8 55 88 3 58 51 67 76 17 25 78 16 39 53 6 62 22 27 69 60 60 20 17 10 95 45 52 36 1 1 98 5 24 36 60 68 15 1 77 91 19 94 18 76 97 11 19 86 67 4 6 65 87 32 18 86 9 77 100 34 54 92 23 27 100 81 55 16 72 90 62 79 4 14 75 80 4 49 62 43 82 29 98 64 94 52 21 24 70 48 34 75 90 4 
