67 64 7 9 4 48 71 88 62 72 79 9 71 84 79 5 66 97 62 60 11 6 61 67 98 22 1 49 15 19 69 88 83 18 1 47 67 46 63 42 40 17 89 96 19 58 26 98 98 39 
4 51 40 35 50 65 1 26 9 15 50 91 10 5 86 34 29 25 81 13 26 72 82 14 61 22 40 9 4 41 15 100 85 66 6 82 1 38 88 81 6 21 36 48 89 9 14 20 64 76 
13 20 4 8 60 6 74 92 18 70 52 8 3 7 30 95 57 19 72 47 57 26 82 94 95 17 44 66 47 2 82 99 89 37 18 52 2 82 26 24 7 35 5 42 78 35 64 32 3 89 
2 60 54 67 67 93 85 5 96 30 71 60 23 27 61 78 94 65 98 43 30 67 33 61 87 3 72 41 43 12 2 85 83 26 88 18 19 47 74 14 89 66 29 94 37 43 84 23 93 49 
96 83 71 45 91 98 8 78 44 78 56 63 76 5 19 29 92 33 23 36 31 51 94 32 79 3 5 62 72 37 64 72 49 68 89 39 38 96 9 82 48 38 34 69 89 89 51 44 91 43 
31 10 78 22 86 20 56 40 6 5 60 15 20 58 23 1 53 20 38 48 81 67 12 78 53 53 82 9 80 83 62 61 93 24 81 88 46 57 37 51 98 24 84 58 13 6 42 14 43 6 
58 97 58 28 44 70 83 18 4 85 96 22 34 97 81 31 13 90 48 11 85 63 89 40 79 63 62 99 65 98 14 44 24 66 51 67 7 34 41 18 86 37 50 63 74 87 97 10 66 18 
21 51 69 39 4 60 23 77 40 39 91 48 37 38 15 98 36 12 19 46 93 14 100 40 57 17 41 62 99 47 56 68 39 16 33 80 51 8 19 74 80 8 90 41 20 81 3 85 17 81 
93 63 77 60 51 24 10 63 51 26 3 37 61 71 82 8 51 30 46 45 73 50 71 88 94 10 86 3 26 36 1 17 47 54 34 4 69 22 66 54 29 1 19 97 18 87 10 84 70 54 
34 15 8 53 17 64 60 80 79 64 56 58 97 39 18 31 34 83 23 37 89 81 54 7 74 84 88 53 21 82 79 52 55 4 88 16 77 61 90 90 76 13 36 47 83 20 41 6 76 36 
19 99 33 87 52 86 67 14 12 35 92 59 99 38 8 21 82 85 23 80 12 11 99 30 49 8 20 89 27 26 96 53 87 85 18 2 16 73 78 16 73 8 6 56 63 36 50 87 61 17 
70 9 24 37 76 50 32 47 45 15 47 37 13 99 42 90 98 99 9 40 37 94 35 35 18 16 42 89 41 40 41 91 69 54 31 55 26 51 35 22 97 87 62 53 73 97 17 86 21 28 
33 93 22 18 97 61 67 15 90 86 76 90 21 32 7 28 53 89 79 65 40 44 67 89 46 85 93 2 23 78 93 73 100 66 47 19 34 1 91 48 37 72 63 93 42 86 66 99 83 13 
4 2 79 29 13 79 53 27 23 30 22 80 28 61 62 51 45 66 32 89 99 62 90 29 68 13 31 29 6 84 44 39 5 83 62 28 72 30 69 14 77 4 88 68 18 21 23 62 60 32 
29 75 88 96 74 87 8 54 39 19 58 65 20 14 29 18 49 72 56 41 1 63 40 99 26 23 97 50 77 32 28 54 20 20 73 1 21 95 55 17 52 40 39 77 76 1 20 37 41 66 
21 79 86 85 43 48 78 65 61 80 49 8 37 52 14 49 81 17 61 85 55 56 29 85 92 32 70 82 85 65 12 62 58 18 83 15 91 3 93 40 47 30 17 92 25 45 4 64 51 53 
98 88 27 45 66 50 63 22 84 27 55 21 73 88 20 73 82 75 85 90 100 18 32 26 58 74 29 9 79 57 63 87 72 53 75 23 12 48 99 100 73 1 29 32 50 35 93 31 82 1 
56 18 57 49 5 50 5 64 64 72 33 62 26 83 51 59 79 95 71 91 68 100 70 61 75 44 93 92 1 70 13 97 83 31 23 9 75 55 4 45 40 11 85 1 23 1 90 27 71 17 
76 83 88 91 87 44 89 50 82 25 40 28 52 76 57 42 4 37 82 89 35 44 82 19 100 56 25 99 27 21 13 39 34 49 53 92 69 46 39 34 86 58 74 60 60 77 55 52 32 32 
96 51 61 84 99 24 17 29 47 1 65 69 85 19 94 47 73 62 41 75 63 100 93 58 28 54 7 31 28 48 89 41 17 4 89 6 41 60 21 60 78 73 29 84 46 61 45 10 69 34 
27 21 14 61 68 83 19 80 60 94 24 16 54 34 44 38 18 48 54 7 85 20 47 81 94 47 46 33 12 21 43 61 78 55 51 42 27 98 19 53 41 19 41 17 96 36 79 11 4 72 
99 87 56 55 54 5 25 27 47 9 47 32 56 84 93 74 7 24 14 30 47 5 69 13 97 14 37 54 4 2 69 2 38 38 62 23 50 64 21 77 44 2 36 6 17 100 80 79 17 98 
35 55 21 75 26 45 36 82 41 7 87 10 88 76 79 16 80 65 98 54 46 56 60 58 74 57 23 39 47 65 68 71 8 28 36 50 49 36 39 14 87 44 35 46 51 54 9 27 12 45 
10 13 21 43 94 64 93 55 50 65 25 95 15 19 1 34 37 70 42 53 37 82 56 87 84 27 54 96 7 97 95 41 87 96 30 72 54 98 8 80 96 78 50 44 14 96 24 58 21 18 
84 14 26 23 44 36 50 31 88 26 90 41 76 37 7 43 80 20 17 27 45 10 72 2 53 73 16 61 28 67 77 81 80 37 67 45 82 92 22 38 92 87 56 51 49 91 28 10 53 13 
51 56 53 71 29 3 68 17 25 48 36 21 37 83 66 17 24 32 7 59 73 36 90 29 23 45 39 57 7 36 67 1 73 62 7 6 53 93 31 64 7 37 22 51 88 5 41 63 67 85 
63 96 85 84 80 17 16 91 93 84 16 46 84 97 62 90 51 96 21 64 67 70 11 49 67 32 77 76 2 99 70 19 33 45 20 68 2 37 40 69 32 75 52 70 34 53 23 62 14 27 
88 55 82 16 32 86 45 77 60 4 97 58 69 47 19 9 2 81 8 50 32 53 14 78 56 14 39 98 26 39 35 88 34 96 25 3 96 78 72 40 65 14 40 31 8 95 73 54 3 62 
90 50 4 66 70 48 98 70 56 24 7 96 56 85 40 81 18 79 23 47 2 73 50 17 100 68 6 73 82 98 31 44 45 76 36 27 87 86 98 63 75 34 91 51 46 3 78 70 52 20 
26 24 50 63 91 30 41 53 94 23 74 45 72 63 34 63 23 51 75 7 46 99 96 89 21 55 91 58 55 44 38 15 58 64 91 48 37 27 84 47 90 61 37 90 18 59 58 9 82 91 
91 93 30 41 56 22 87 74 68 63 23 84 25 92 84 70 47 100 18 1 24 90 70 66 13 38 58 83 59 7 71 75 44 79 61 95 9 41 98 56 61 60 75 58 9 78 16 15 91 46 
98 84 76 37 83 68 42 95 47 97 44 49 58 81 49 99 86 14 22 36 93 7 58 81 57 53 20 13 90 65 81 28 96 97 22 25 55 46 13 31 48 81 71 77 4 98 5 18 56 58 
73 45 2 98 59 85 74 44 78 91 22 75 54 33 86 94 36 77 72 18 66 30 91 7 33 54 23 86 72 47 28 97 33 28 33 79 13 74 75 9 44 22 57 16 11 56 91 53 83 22 
82 84 57 84 86 72 65 4 5 63 96 52 86 50 37 91 60 52 31 51 16 100 33 45 83 21 98 51 91 37 49 45 93 39 44 25 53 50 18 37 73 30 35 82 64 61 65 64 20 72 
12 95 23 31 61 2 15 25 69 94 89 9 42 2 74 6 8 76 83 39 11 41 98 40 12 11 16 65 54 9 27 57 59 14 85 13 32 67 12 42 81 25 34 28 58 89 77 66 50 7 
94 11 58 80 57 55 99 80 47 2 89 63 66 38 60 22 23 69 88 94 70 5 37 71 71 73 38 17 67 20 78 21 59 11 22 28 76 10 96 13 54 57 79 38 3 12 9 4 14 35 
44 31 21 18 75 16 15 33 28 47 92 23 43 26 9 12 50 65 46 49 95 94 44 96 55 34 17 78 90 46 17 71 72 91 26 59 67 10 74 82 55 35 6 13 50 88 93 76 14 30 
71 96 74 36 15 54 81 6 98 56 17 30 85 83 7 15 91 34 43 50 6 46 70 17 91 44 46 16 23 18 46 40 73 97 87 57 96 66 2 10 2 39 7 48 6 79 62 85 47 7 
5 17 94 96 53 100 36 62 81 63 64 80 80 36 20 13 64 16 55 55 31 71 34 97 67 42 29 89 93 91 11 42 64 13 63 64 43 5 47 64 75 38 40 99 95 68 39 12 70 46 
50 40 49 56 44 34 19 86 13 17 81 18 16 55 99 89 30 98 13 13 35 68 56 31 4 59 56 55 46 52 56 37 11 95 68 98 19 66 59 16 20 14 18 28 59 67 10 90 90 8 
93 53 80 83 7 18 51 69 80 67 13 81 62 43 20 29 79 5 72 68 80 55 11 85 23 19 93 63 92 67 61 63 51 27 87 69 10 33 94 59 68 74 99 56 44 78 18 51 22 75 
77 56 62 88 22 9 22 32 96 83 86 77 9 66 37 97 70 49 67 47 12 29 60 87 22 62 52 6 42 60 30 34 79 31 52 57 31 72 70 91 94 17 29 30 51 17 6 85 100 79 
88 81 59 68 35 48 9 69 53 90 57 73 23 19 50 14 47 76 69 41 19 13 88 22 67 28 34 49 7 13 81 61 86 26 9 16 66 30 42 58 86 58 59 42 79 10 32 71 36 17 
71 86 78 57 87 47 13 37 54 100 83 49 19 95 14 47 54 79 6 78 36 34 57 29 48 82 63 16 33 74 54 48 19 8 44 72 37 58 1 71 5 99 86 44 92 100 99 77 63 94 
16 3 94 66 84 36 18 22 73 44 23 12 64 65 48 52 88 23 44 98 43 61 81 86 100 4 69 2 35 7 40 60 54 46 30 63 54 99 73 78 70 6 66 62 22 97 51 78 64 45 
94 10 75 51 61 11 17 100 41 88 79 76 74 93 29 87 28 76 9 52 24 75 29 63 84 73 28 13 13 71 97 56 3 84 8 27 61 65 72 74 41 90 18 12 86 95 2 53 68 12 
13 66 24 12 12 93 7 56 67 53 97 32 56 90 41 39 79 11 66 19 2 97 21 29 34 53 24 98 90 33 48 57 18 22 35 97 28 39 41 13 63 77 12 20 93 57 48 93 66 52 
92 19 78 6 31 61 67 74 6 97 45 13 50 37 14 34 2 28 69 99 49 79 36 47 9 26 34 81 85 82 34 66 49 21 58 50 17 74 55 5 89 71 8 34 6 70 6 8 58 25 
31 63 84 90 74 32 86 15 59 2 59 27 96 90 25 80 69 64 80 87 73 48 89 52 42 92 46 44 28 12 3 36 91 22 45 31 63 82 46 96 35 9 7 1 63 100 92 85 94 18 
94 91 41 83 84 31 56 25 85 69 33 5 41 78 46 41 74 2 31 18 2 87 51 30 73 31 86 60 15 49 4 17 95 65 8 80 31 46 32 5 21 50 38 29 20 25 98 9 12 39 
