132067 124594 119359 123172 123888 109444 108649 146574 139658 123482 131286 133825 131837 129547 131009 120243 127318 139833 115259 145574 129040 148774 118555 120314 100734 129782 149038 120345 114980 112342 129032 135431 152019 118856 118425 138197 117344 146022 136236 153057 133270 135446 146506 127742 112569 124047 152124 126711 117737 120996 
109578 105053 99134 92955 99301 85018 90063 110887 102589 105462 102844 122047 103686 99943 114184 97455 88259 116130 103413 112043 98821 98234 92076 84253 72841 90732 113278 88644 106677 92539 109244 109857 106852 96129 98134 104749 78447 94542 98716 122635 104985 110422 104074 87416 94639 113184 114818 94394 97655 94489 
126582 108368 93309 105297 109108 98914 92875 129344 116822 114608 111101 115263 115362 114440 106271 90463 96672 131319 118996 116867 109245 115504 95174 94023 83606 105148 119995 101650 114110 106365 111630 112801 121269 109767 105878 117120 97057 112656 114073 124573 104463 123343 125354 104848 96656 121383 138049 109091 105497 103142 
147564 138633 133935 128089 130204 106408 117675 153031 140554 143941 139015 137490 137764 132609 139920 122742 117423 160333 125940 144802 132428 138153 125995 129669 107162 129947 146257 126180 146233 112835 140255 141721 148509 124777 118306 148825 115605 126404 143733 166725 132951 152826 147688 123354 115037 136613 153712 123203 131427 123007 
153548 151330 124981 139592 143952 127584 124179 170127 146371 150337 129238 144991 146079 132085 147823 135317 117739 161509 148112 151655 135869 149694 115458 120596 110084 135163 157480 136295 131735 140276 150334 139820 164552 128892 134366 153186 127742 145944 152824 159500 137935 161110 142868 131062 125815 146336 143056 130523 138336 124050 
118447 112216 106916 113733 110168 104687 95355 137350 110735 119754 100747 113691 104399 98946 119363 107772 99809 125881 122639 132941 106350 127573 101876 117311 85835 111143 130978 112890 118618 112569 104530 128297 120182 110528 98481 124959 103346 113791 120880 139869 106857 113636 118516 103295 95876 131303 123397 97441 107341 122142 
145182 119710 132918 136117 131567 122529 118610 163476 149195 143928 122190 143389 141688 132654 146687 130170 124877 153373 142634 145820 129307 149178 120512 128321 105929 126014 158628 124877 135906 132186 141221 137297 163096 135588 126240 144520 121651 138364 143458 170807 140841 164720 144352 134217 120637 148880 154115 139140 149433 137940 
129011 120029 111528 121607 115675 112192 101628 146598 122176 129082 112280 131642 112148 112549 127066 104875 111293 129762 124197 130299 110213 126423 100165 102662 98917 117334 139015 116665 114437 125239 121661 111740 128058 103920 109867 133724 118782 126207 126472 140888 117466 137910 130245 102495 110093 121110 126341 106550 108979 121839 
126172 109224 117087 104644 112464 110960 102911 137776 107275 124192 109168 124432 115418 112533 120406 102134 115411 124703 110257 126613 111993 126283 108514 111528 91671 115686 124817 104248 107975 115578 122927 121674 132626 123841 108311 125063 102219 125703 122029 151419 129494 126000 119982 97015 115539 124046 130104 109623 110630 103059 
140918 133587 133377 117275 122398 122451 110304 152445 132752 131484 112623 136647 128672 128431 138093 123676 130824 139799 131899 140535 130849 143385 116933 136119 105933 124042 151041 118957 138087 135071 125570 143689 141854 116210 128873 140250 123618 130018 141934 161030 135119 147852 135588 121929 119313 147872 135431 126984 135840 142564 
146391 124427 113572 116473 115996 103960 104600 140871 147672 127339 122901 132761 124250 125401 125641 125864 113464 142957 116783 133236 126642 138169 105657 112989 83615 117869 133639 122974 130227 114129 122756 128606 140991 114033 116018 133025 107041 129816 131460 140491 123558 142250 137548 111515 99876 127908 133523 124727 134309 107579 
134466 125671 120183 118650 126223 118864 108332 144776 140473 125018 120628 136425 128514 128343 133290 119107 107564 144621 127725 142990 111176 132733 112450 123512 99129 123351 142785 114281 129537 120128 136615 134161 148241 119866 107411 144201 108716 129324 126656 154172 119447 142286 140257 111574 116560 125999 149560 111838 126344 116696 
154389 154125 145265 133673 139030 133498 116802 175756 151872 149472 143971 151585 148623 136589 157129 125699 145620 164560 145167 166414 142544 165553 130033 145637 116063 134830 167652 127210 156556 134550 133800 157444 163371 135667 138856 160787 118695 151074 149920 173521 145098 155003 163829 130972 133958 160212 159457 146020 142940 137245 
121335 109943 111187 103611 111274 95829 95312 134588 115276 118639 102439 126033 100944 116010 122923 110561 111294 124677 112064 124067 102499 129555 107831 113151 83293 115599 115392 105418 118532 106793 115031 120259 125675 107965 111893 116713 106199 113811 116924 142594 118838 132457 122504 102602 94696 125142 120373 111697 124988 112191 
126676 119309 116579 111170 127409 98035 106208 135372 121966 128423 117128 125624 119216 106885 125932 110141 104042 137257 112171 133261 107811 118955 107796 114979 80289 100549 126885 107244 120077 108780 126860 123197 130364 114742 101637 133854 97628 109977 117510 142353 114218 134271 115806 105458 105237 114477 120597 108760 115297 110893 
148607 132430 139811 123057 123646 113436 122154 160401 131974 141775 126829 131009 130491 125198 129289 116683 129195 147155 138710 148301 137245 146466 116411 128979 103722 129062 142662 124400 137518 133644 139849 131262 149409 132942 119411 153210 131043 137387 144961 165853 134536 140675 145608 113309 120943 140412 155546 119546 127361 138287 
151762 145665 129951 127452 128300 125441 116107 161107 143760 136977 132148 142988 144816 132493 150591 134754 131560 152703 134835 156076 143941 152154 123478 133366 117519 138304 152930 129000 146292 129603 131243 146694 151024 126255 132505 146569 124448 142764 145638 162536 135717 146458 152187 124290 115148 153756 157772 133103 135789 136653 
142592 124007 129153 120286 127960 114481 112994 150928 126010 126512 124016 137312 124127 132698 137765 115962 129171 144907 123303 136307 123448 141712 117115 128575 102844 126408 134781 120746 137189 118868 138145 137786 141201 132954 120670 143897 116957 130202 120283 162385 124148 139118 139035 117760 111866 141627 151109 115121 119642 125658 
162222 136394 130218 136740 139591 124015 122553 158032 144680 138191 132421 150671 136143 148330 150406 131179 125873 152574 136644 157099 134914 152079 123449 137279 104922 134547 161728 132686 137137 132923 142386 140426 151845 129029 128602 146929 124218 143345 150690 162079 141380 163571 152883 125453 130226 144642 159990 126236 140661 128805 
137458 139270 125033 113405 130130 132913 119263 161162 125531 136386 120554 136841 136978 128939 145029 128767 108767 144767 126660 147794 117476 141381 111337 122393 103236 116895 142476 122903 130015 127846 132798 132351 155389 122028 130875 137302 109292 129993 143863 157502 127565 153551 123270 114741 121686 138856 138167 124989 139607 111739 
131533 117263 100692 108678 120765 101014 99935 130132 120376 119321 111035 127256 120271 118928 114084 102025 105587 128547 115565 119460 105895 121487 102070 105653 84567 106861 127242 106011 114664 108054 116201 120634 125468 113111 109560 118374 99923 119924 124651 134246 113675 131669 123046 111982 102884 127792 130245 107846 114468 110229 
128585 104894 97507 114307 112155 110770 91277 128060 111678 116463 108028 127070 112789 116955 110588 104842 100078 119586 100540 114748 101697 115150 93294 99586 94811 107547 124031 108854 108462 110443 110658 116271 129504 104232 106308 111053 96979 121156 122825 131645 109648 135320 117124 95252 110011 113675 122679 96175 108683 98219 
125165 118297 122407 104396 117982 116269 111862 148364 126086 125418 119379 128796 127088 115669 126428 116445 104757 125904 116347 142268 118579 128343 108516 113764 93723 105338 136993 116542 116594 114964 124458 123963 141161 118248 110722 127511 107482 125483 124618 150807 125265 135886 127165 116353 106968 126739 140512 115921 123034 119906 
145378 131170 126227 127871 138221 127353 111802 156734 141579 138207 123566 144466 135516 147404 137298 115377 123271 152136 141734 144456 129080 156118 117793 137143 104182 130227 153349 118625 143340 131557 131816 150857 149444 131469 130204 156382 117986 131830 140872 157366 122574 149992 144019 123450 128286 152549 142161 127018 138584 128219 
133548 128546 116414 123504 112191 120126 104761 149697 131825 126450 112667 124441 121588 123000 134968 122849 106309 130598 125057 137337 124030 138769 102827 125089 99535 122501 151000 119650 119847 124547 117906 129073 140390 107054 112539 134417 108582 125834 132266 143199 120046 141109 130066 121111 104383 130817 130485 108158 121443 121721 
131905 103199 94531 103096 104558 101099 87659 123998 113626 106360 100545 121330 111013 113933 112746 102204 101714 126000 108783 116916 102281 116502 94627 101664 76193 110776 115797 98783 102151 108628 109370 112090 123510 108490 111649 112677 95541 109926 118061 128583 109107 123308 114649 94550 96149 126679 125510 100791 119117 102020 
148565 130492 128478 118888 139555 136486 117790 155677 135776 137013 125708 153539 147766 135098 144323 120723 127245 149144 136659 147899 129654 146372 115853 130190 103774 133277 151320 114641 127533 135487 148476 137819 152328 134847 128108 155466 121118 144774 140540 164501 132916 158841 144212 115297 144418 140620 155360 127860 136484 131819 
144586 115948 116745 124614 120913 110397 104837 141016 128552 134949 118259 136386 114129 124202 125549 120513 114778 127373 118560 133228 122143 141326 116137 125239 93949 117609 135473 109055 132623 115512 129654 140833 147762 116758 109943 135252 103354 132341 123340 155759 119374 143062 122984 117342 108399 111116 134377 107306 121232 121389 
147992 133533 133262 135333 139416 121746 111827 146211 146768 132064 138166 153786 136464 151769 141407 139345 141698 152959 132321 159105 131250 150745 118349 149179 112478 135739 160407 122928 145404 134607 142036 161091 157730 129826 132596 154796 122349 133401 140832 172052 130371 146623 149862 125888 125140 142737 152369 141403 143173 135681 
153025 136128 141453 117816 124138 128546 121206 169405 139202 146396 126698 142247 136546 133304 141168 123295 123963 157796 131105 154317 121459 139586 118302 126664 110113 129268 151799 121702 143637 138827 140757 147627 156174 133556 121871 150287 115761 129976 144182 168877 135799 153535 137496 130447 129404 145676 144368 125849 138756 127961 
141349 131245 137713 129282 134408 127195 118512 155343 149152 150383 135553 150453 145116 142150 155360 130520 124669 169093 138081 162432 124019 147171 119611 129017 109120 128195 161397 117287 138441 135557 147118 145383 168286 130250 135445 160290 123663 142857 148224 169685 132343 156276 154246 130854 133561 140503 153775 131621 141835 130714 
148913 140522 124549 131831 133546 135898 122091 170931 143065 156653 133764 148613 145280 135982 142566 122287 128580 159174 151156 154884 130110 150761 113604 123796 111535 144390 158730 124995 128508 145470 151381 136668 162172 142192 134014 163823 127649 151112 158526 164797 139198 154341 150902 126585 123518 148794 155936 134674 135227 127295 
141224 130433 124931 124472 129457 114187 118326 147793 143432 134499 134025 144676 142356 141950 143778 125305 125577 149038 117564 147927 117691 143328 104773 119210 105034 119739 150128 118604 131497 123600 133128 126186 153010 122206 125801 137670 125121 131643 138866 154243 128455 148934 144366 124690 122231 137716 144077 132073 132356 126523 
158890 142248 132158 139114 137036 131485 119524 162948 148232 152183 137622 151733 141887 135804 134373 131089 128250 160323 145315 145687 127411 145514 120862 133468 110527 136640 161166 135086 153845 143186 152567 148930 158088 135473 127093 154318 120628 139785 152361 166139 139458 155639 151893 117475 126717 148127 158094 134247 135911 134091 
120024 114191 106788 103190 105220 93944 94402 130866 116356 109532 101582 110847 117981 107305 116174 106020 87569 126830 102294 122197 105307 125213 95895 93378 88229 92487 123244 105585 108508 94980 98951 107862 129748 100432 96297 111484 92609 114063 113738 123221 100336 131781 112073 104357 93049 106269 118147 95808 105882 94533 
128536 121651 105571 108245 120481 104249 107718 137399 116771 125567 122108 125910 107909 125627 128532 105655 120897 119843 109111 142293 116963 134786 107678 123979 89310 106883 136223 103750 127273 113732 117279 130391 120307 115095 118133 125462 106717 125769 136199 141059 125213 125383 125931 109233 102981 123934 138420 119620 116406 117808 
141036 122413 113282 111898 116452 111020 103359 148318 118545 125358 113290 127660 115466 118531 121150 112119 108685 128938 130743 136207 116079 136127 103781 109877 99778 107907 127781 110777 136487 115809 121028 133455 142406 121908 112091 131857 106886 131062 122939 156339 111712 123259 125319 105537 109217 132838 145189 106742 120891 120780 
139605 122295 117909 123209 114881 110039 96220 142127 124071 129015 118501 117359 117512 115344 120477 109514 111109 138057 123131 135215 122010 132832 100562 121910 94203 119236 134137 123199 118359 121012 124280 123121 143413 107698 107937 132668 110434 129430 124323 141235 120880 132954 142502 110660 101350 135958 132306 106039 118564 120375 
152189 150040 135040 127385 138746 112670 131271 163573 134072 142329 125610 131621 133679 127210 138254 119080 117493 149252 137201 146106 136733 148302 116323 129061 102493 129705 155982 126035 132169 135940 145019 133588 145254 133604 122545 157416 124959 132060 152849 169576 140472 147450 134063 125926 123812 146117 145641 126470 138074 130309 
117849 100443 106944 102125 113385 105026 106649 129999 117614 116930 102750 125832 118330 107966 119715 113228 104798 126763 115581 134269 94826 114963 101075 101007 94054 100490 127263 103304 114737 117067 125019 114885 142321 105542 97015 124490 111995 114032 109428 133971 121810 134020 116304 107181 109479 123961 126181 116198 111379 114987 
149396 149839 139780 136537 136806 128414 126695 164492 138212 150615 136413 146161 139442 131079 156187 122797 123722 153828 138244 156868 138214 157575 120874 137051 107640 137649 161864 124401 133248 143338 139826 141614 150191 141718 139609 156986 126774 150047 154431 176692 140054 149226 151196 129932 133971 149408 154182 117865 137561 137847 
142547 130087 132197 125046 125223 118359 117600 150275 131004 139980 134927 136987 141658 135499 136248 122687 125845 155228 118743 147970 122985 137099 116037 125051 113653 133042 148418 124081 132342 125832 132375 132437 150452 127546 123452 156437 122232 132414 132280 154836 135270 141067 140118 119276 117976 141987 155973 127119 116501 124963 
131468 126681 110772 117035 120712 105992 99081 137692 121624 123531 119539 130440 121012 125762 133177 112967 116275 137899 117751 135245 114796 133873 105375 112727 92733 109876 139268 112085 119694 107822 119149 119842 129444 112735 116013 132215 105120 131891 124509 138663 119654 140186 133444 101566 105526 120420 139108 114680 116307 104966 
152833 148861 123278 143581 152010 136927 113781 171150 143029 139818 133139 154689 153489 128648 148219 127434 125952 155338 142487 156968 125196 144753 114422 133493 112432 134089 158305 134488 135323 134995 145226 143947 165398 128704 136090 153177 124382 150323 148930 164408 136845 156036 152375 131264 138324 154895 154227 127141 133622 138418 
148452 135564 122321 120641 132843 120225 108486 154963 130007 137584 124490 142033 133288 132794 132979 124720 117624 144599 125030 144509 122638 145746 120295 123172 97918 136189 132972 132895 131691 120281 132636 140873 142544 129078 121855 145012 119614 139234 135601 154176 128352 138582 142302 117033 121890 149893 144341 111765 119360 122529 
142743 129279 124320 118474 132700 133453 111759 155336 127676 132655 119020 145589 143142 134685 131090 124899 123203 134333 138706 151179 121119 139237 116113 129965 110519 123933 144738 117005 137499 129825 142699 142264 156635 126122 134036 153015 124188 137713 133057 155501 134753 146295 132295 126584 130495 143031 154138 132737 126988 134669 
133787 119256 122944 113723 121669 107784 105892 148790 128455 127142 118017 123550 121641 108114 118828 110267 95593 132225 123216 134976 111393 114577 97841 101285 95632 105294 138411 118526 110733 112766 128630 113852 146673 108775 97603 141769 110738 123634 123181 149932 119653 133270 125740 113565 107185 121932 141253 105145 120940 128230 
121447 108757 112849 106075 103849 104439 107475 139673 118719 122733 94690 109158 116126 115044 115133 101977 95472 123161 121593 123888 110794 129673 96229 105672 85399 113706 126676 101205 111596 114634 120729 108662 132592 115542 104011 129333 104894 118031 124001 131124 114634 126369 111791 113333 97478 118477 129938 105637 112941 117884 
166181 140430 136232 130085 128524 129652 122432 157836 143133 129293 128493 144090 148979 141624 142123 125982 133847 151150 128422 153685 141284 153054 122486 132708 113568 137331 145207 138960 145965 139485 133113 144856 156340 126069 125701 152155 134046 142089 145413 160253 136270 148813 146104 125717 124913 162397 156293 126543 130985 132828 
133140 99942 105529 107185 105628 107364 97788 123885 116079 124547 118930 119946 114034 113900 109689 104078 103083 131109 110902 122216 106763 111995 86822 107090 82524 108592 126918 104070 110125 110713 122111 117093 127727 119925 101456 125141 89325 117935 113974 135489 108922 119573 126877 98821 105160 127188 137610 97579 108498 100679 
